10
100
101
102
103
104
105
106
107
108
109
90
100 101 999999999 99999999 99999999 99999999 99999999 9999999
100 102 999999999 99999999 99999999 99999999 99999999 9999999
100 103 999999999 99999999 99999999 99999999 99999999 9999999
100 104 999999999 99999999 99999999 99999999 99999999 9999999
100 105 999999999 99999999 99999999 99999999 99999999 9999999
100 106 999999999 99999999 99999999 99999999 99999999 9999999
100 107 999999999 99999999 99999999 99999999 99999999 9999999
100 108 999999999 99999999 99999999 99999999 99999999 9999999
100 109 999999999 99999999 99999999 99999999 99999999 9999999
101 100 999999999 99999999 99999999 99999999 99999999 9999999
101 102 999999999 99999999 99999999 99999999 99999999 9999999
101 103 999999999 99999999 99999999 99999999 99999999 9999999
101 104 999999999 99999999 99999999 99999999 99999999 9999999
101 105 999999999 99999999 99999999 99999999 99999999 9999999
101 106 999999999 99999999 99999999 99999999 99999999 9999999
101 107 999999999 99999999 99999999 99999999 99999999 9999999
101 108 999999999 99999999 99999999 99999999 99999999 9999999
101 109 999999999 99999999 99999999 99999999 99999999 9999999
102 100 999999999 99999999 99999999 99999999 99999999 9999999
102 101 999999999 99999999 99999999 99999999 99999999 9999999
102 103 999999999 99999999 99999999 99999999 99999999 9999999
102 104 999999999 99999999 99999999 99999999 99999999 9999999
102 105 999999999 99999999 99999999 99999999 99999999 9999999
102 106 999999999 99999999 99999999 99999999 99999999 9999999
102 107 999999999 99999999 99999999 99999999 99999999 9999999
102 108 999999999 99999999 99999999 99999999 99999999 9999999
102 109 999999999 99999999 99999999 99999999 99999999 9999999
103 100 999999999 99999999 99999999 99999999 99999999 9999999
103 101 999999999 99999999 99999999 99999999 99999999 9999999
103 102 999999999 99999999 99999999 99999999 99999999 9999999
103 104 999999999 99999999 99999999 99999999 99999999 9999999
103 105 999999999 99999999 99999999 99999999 99999999 9999999
103 106 999999999 99999999 99999999 99999999 99999999 9999999
103 107 999999999 99999999 99999999 99999999 99999999 9999999
103 108 999999999 99999999 99999999 99999999 99999999 9999999
103 109 999999999 99999999 99999999 99999999 99999999 9999999
104 100 999999999 99999999 99999999 99999999 99999999 9999999
104 101 999999999 99999999 99999999 99999999 99999999 9999999
104 102 999999999 99999999 99999999 99999999 99999999 9999999
104 103 999999999 99999999 99999999 99999999 99999999 9999999
104 105 999999999 99999999 99999999 99999999 99999999 9999999
104 106 999999999 99999999 99999999 99999999 99999999 9999999
104 107 999999999 99999999 99999999 99999999 99999999 9999999
104 108 999999999 99999999 99999999 99999999 99999999 9999999
104 109 999999999 99999999 99999999 99999999 99999999 9999999
105 100 999999999 99999999 99999999 99999999 99999999 9999999
105 101 999999999 99999999 99999999 99999999 99999999 9999999
105 102 999999999 99999999 99999999 99999999 99999999 9999999
105 103 999999999 99999999 99999999 99999999 99999999 9999999
105 104 999999999 99999999 99999999 99999999 99999999 9999999
105 106 999999999 99999999 99999999 99999999 99999999 9999999
105 107 999999999 99999999 99999999 99999999 99999999 9999999
105 108 999999999 99999999 99999999 99999999 99999999 9999999
105 109 999999999 99999999 99999999 99999999 99999999 9999999
106 100 999999999 99999999 99999999 99999999 99999999 9999999
106 101 999999999 99999999 99999999 99999999 99999999 9999999
106 102 999999999 99999999 99999999 99999999 99999999 9999999
106 103 999999999 99999999 99999999 99999999 99999999 9999999
106 104 999999999 99999999 99999999 99999999 99999999 9999999
106 105 999999999 99999999 99999999 99999999 99999999 9999999
106 107 999999999 99999999 99999999 99999999 99999999 9999999
106 108 999999999 99999999 99999999 99999999 99999999 9999999
106 109 999999999 99999999 99999999 99999999 99999999 9999999
107 100 999999999 99999999 99999999 99999999 99999999 9999999
107 101 999999999 99999999 99999999 99999999 99999999 9999999
107 102 999999999 99999999 99999999 99999999 99999999 9999999
107 103 999999999 99999999 99999999 99999999 99999999 9999999
107 104 999999999 99999999 99999999 99999999 99999999 9999999
107 105 999999999 99999999 99999999 99999999 99999999 9999999
107 106 999999999 99999999 99999999 99999999 99999999 9999999
107 108 999999999 99999999 99999999 99999999 99999999 9999999
107 109 999999999 99999999 99999999 99999999 99999999 9999999
108 100 999999999 99999999 99999999 99999999 99999999 9999999
108 101 999999999 99999999 99999999 99999999 99999999 9999999
108 102 999999999 99999999 99999999 99999999 99999999 9999999
108 103 999999999 99999999 99999999 99999999 99999999 9999999
108 104 999999999 99999999 99999999 99999999 99999999 9999999
108 105 999999999 99999999 99999999 99999999 99999999 9999999
108 106 999999999 99999999 99999999 99999999 99999999 9999999
108 107 999999999 99999999 99999999 99999999 99999999 9999999
108 109 999999999 99999999 99999999 99999999 99999999 9999999
109 100 999999999 99999999 99999999 99999999 99999999 9999999
109 101 999999999 99999999 99999999 99999999 99999999 9999999
109 102 999999999 99999999 99999999 99999999 99999999 9999999
109 103 999999999 99999999 99999999 99999999 99999999 9999999
109 104 999999999 99999999 99999999 99999999 99999999 9999999
109 105 999999999 99999999 99999999 99999999 99999999 9999999
109 106 999999999 99999999 99999999 99999999 99999999 9999999
109 107 999999999 99999999 99999999 99999999 99999999 9999999
109 108 999999999 99999999 99999999 99999999 99999999 9999999
