365548
212623
187713
1390372
202211
197453
186415
186157
1288246
198347
187355
189540
199903
1268034
196786
188766
183744
186813
1267157
190351
190179
177465
190866
1262695
188385
190577
190141
195188
1263431
197077
195424
189497
188427
1262631
196130
201583
198127
184425
1266920
204061
190267
192837
177600
1263835
198282
179697
205591
188463
1262884
196315
183614
188227
184014
1264078
196724
185292
191061
190189
1654526
205519
180692
192088
190788
1273436
197250
192331
212733
189099
1274321
208453
190938
189246
196373
1253025
194687
200691
189463
190081
1275578
200262
192158
196548
219977
1268395
209827
193644
190928
190828
1266240
198330
194456
192798
192614
1268523
197606
192531
194376
194726
1284660
199402
194729
182013
191319
1267882
196912
192970
211962
193379
1268471
196583
191204
194664
196544
1272095
202041
200382
192326
191903
1260995
201114
212631
197345
193364
1273760
210523
193787
192895
193396
1269876
203369
201878
195333
193550
1277361
203670
195038
181933
196225
1275694
191905
195529
194506
195376
1277882
204724
195065
196085
194864
1283690
204910
196563
193799
185123
1271189
203309
204890
195278
198938
1269566
205418
197539
203572
194581
1305561
204820
199816
195994
191943
1648344
215281
193554
197629
200295
1283657
209761
197045
196561
196142
1276914
203567
197423
256772
196511
1285845
207865
199718
199585
210348
1263634
205922
186310
206629
297836
1433716
300429
225650
203004
201493
1375078
213156
211964
198483
199924
1309657
211477
202112
211808
200089
1295920
211152
202625
202171
194005
1302337
210691
202846
199851
200731
1286015
210505
202752
199913
201715
1284670
207165
203244
200294
194770
1293736
197999
214868
203158
192073
1285146
209297
202420
201430
202034
1297361
211946
205707
204730
211903
1293127
217880
196927
202262
202174
1304553
215674
212137
203116
202182
1320430
209766
206659
208714
201700
1297034
218015
204357
202655
209874
1270708
211568
211558
204669
203001
1292715
212121
203429
209643
198824
1296217
202224
205962
205193
210749
1656463
224337
205143
187092
204720
1322747
213009
206774
204730
205472
1308497
213061
203812
217391
205922
1303689
213866
204993
210275
203492
1282690
217644
206241
204647
209952
1279237
213680
212417
217301
204762
1301829
216341
206900
210881
192930
1286990
218661
207090
207045
192624
1300305
215008
205531
205270
204176
1288514
216489
207153
208766
206975
1305222
215176
208033
206253
207198
1302420
227512
207937
206852
212530
1291844
215279
214447
206646
206957
1332777
219659
207476
201139
208203
1313030
215860
208395
205451
207413
1297377
222117
211558
207749
209593
1334228
220541
217985
209010
208579
1331527
219278
210947
215036
205854
1305951
213315
211057
211603
217026
1294204
218198
210969
209078
236746
1355186
236888
229847
226199
234589
1348824
237585
226747
227044
233887
1721805
253993
223475
234303
227339
1363608
342724
228980
226091
223222
1344524
239777
228905
229170
227362
1359138
239619
237873
229627
227006
1345302
236993
236029
229346
224688
1369309
239346
233123
227386
226177
1346226
251487
232779
219060
224736
1357512
236355
230952
227321
233193
1369658
251179
233471
231165
235037
1349082
241990
232266
231063
226988
1357472
252073
232197
229053
228329
1350533
238837
230614
234275
229900
1355535
244210
229650
237896
232358
1362902
241800
232323
237607
231355
1372847
242446
231603
238217
235117
1359371
243336
232689
230255
229000
1355691
241960
240209
232490
232185
1350731
242787
240723
231872
230885
1359451
236640
236497
230839
230103
1353272
244448
242589
234505
239745
1360131
244731
233020
231473
237315
1362403
252131
236974
233831
229785
1717693
256348
234956
225711
233528
1396576
257393
243744
231093
230862
1365325
248304
243830
231123
233914
1357599
243857
236548
234974
242323
1364916
245468
238079
234000
238915
1372088
256428
239234
238252
232165
1366114
253787
237319
236739
235894
1371922
245573
239479
244649
236370
1382121
244656
240377
240970
234460
1372431
245984
238925
237425
248387
1374909
248803
243191
238936
238362
1378169
242850
248121
239344
238743
1366603
247027
240752
237434
244190
1371630
256285
240817
239289
242547
1367816
253710
239910
241218
238071
1375373
246410
241133
245961
240436
1383883
249210
241218
243785
235666
1371892
248317
240840
238620
237698
1365297
250864
252246
239519
238888
1373408
254386
248117
238835
238462
1363205
250790
241190
236342
244906
1367522
257032
239292
237570
243759
1724925
264324
251196
245616
242918
1407835
250092
249643
242189
240396
1382790
250798
241324
240833
246651
1375957
250211
244872
241114
248515
1386190
259278
241319
240582
250665
1372897
248981
244668
250217
243346
1386969
252951
243569
249849
241106
1390598
253505
243594
243927
241228
1383927
251740
251747
244275
242689
1382454
253378
245939
241532
251149
1381301
259352
245914
243995
248861
1381291
262194
246994
243786
242705
1380397
255969
241492
249966
242353
1384554
255632
252139
246591
241702
1378738
254156
243836
241908
242000
1381294
255785
249723
243208
241892
1372780
257738
243010
241765
250850
1377811
262818
243551
242308
251432
1382773
265572
247537
250472
244949
1379362
257651
243481
250617
243792
1384807
258812
246661
245020
242010
1381682
259859
254023
242266
244614
1384311
257606
244681
244386
252886
1772895
273299
257799
258074
250547
1398493
259305
259197
251189
246606
1401167
256742
260834
250460
251349
1391750
260204
253226
250199
255967
1391473
266925
252599
252134
250127
1398055
258972
251482
259099
246478
1611532
264402
261180
254837
253085
1404325
259844
262645
249898
254143
1400681
267208
253444
256786
247781
1396269
261064
253848
258521
246253
1398870
262595
252199
250337
250134
1405331
261144
262392
252010
253123
1392873
261174
253352
249199
255819
1419635
273914
255326
258125
251640
1400290
261309
252056
267767
256970
1494098
285189
283563
264585
264404
1477361
281165
259856
258017
253095
1411797
266170
251880
262796
254040
1416620
268007
259463
257418
254534
1419822
268218
263462
256195
261640
1408882
269807
258606
257959
250941
1408677
271007
256631
262665
255742
1709349
267123
265948
251679
261369
1410566
274006
261170
257268
252479
1412505
272555
258087
267647
256859
1407795
266868
260127
257012
259109
1409541
266697
267588
258866
258436
1407083
265419
259317
254844
262918
1413653
275224
260382
263044
259365
1416026
270268
260267
264409
257077
1407081
268935
269436
259591
260112
1407990
269255
263209
259886
265582
1419897
278469
263357
258806
258526
1423243
271488
261074
265294
258884
1415737
270313
269228
259571
261048
1419363
271954
263963
261961
267373
1426886
278040
264517
268616
261513
1419231
271428
262189
266369
259686
1414788
271883
271716
261479
262189
1418557
272129
264895
264920
267684
1424343
281120
266848
270365
262823
1433644
274740
265692
278976
264958
1429853
272204
275254
262838
266469
1428482
279975
268047
264061
259548
1724499
275898
270827
264567
262535
1423574
272495
283932
273881
278339
1541997
299903
283400
287617
276254
1545879
298848
270080
274778
278333
1516990
314905
279268
281303
271195
1482446
281326
280767
265422
265699
1434493
283074
269629
266023
272428
1438552
284829
271215
272230
267075
1439488
279158
270232
267080
265499
1435929
279750
277129
266925
271776
1424275
284350
270400
267508
266860
1427568
281142
267476
274570
265386
1436711
280346
274507
267980
270347
1456667
284972
273162
268904
274557
1439828
283706
271611
290261
268929
1440422
279910
269686
268634
268373
1437668
281589
268707
267060
274129
1436255
288108
268458
268987
269854
1433328
279799
272736
269814
268899
1444351
281639
277938
270007
268025
1437764
287259
269794
271839
267497
1435516
279644
273532
277033
270115
1741686
285901
277825
269759
278199
1440796
303616
277579
280476
270628
1444533
283756
274713
271942
269511
1440625
282546
273946
271263
277759
1438951
291223
275848
278138
272470
1451455
285049
274828
275041
271936
1445589
282944
284818
271280
277073
1441227
289729
275604
270150
272670
1454367
283167
275021
274126
272052
1527718
317636
301685
292155
294035
1510528
294338
284521
284981
278091
1465470
288529
289364
280190
286041
1448213
297771
279762
277406
276522
1448193
287743
278071
276950
274212
1450879
286214
287292
277765
281281
1453422
294989
283666
278338
278151
1458028
286610
277792
277387
275374
1445614
288372
289064
280383
280173
1461170
307422
283190
285442
274555
1461363
291829
280355
279374
276055
1463342
289938
278469
276467
283829
1452542
297475
281155
286658
279785
1757412
290218
277615
277223
283806
1455722
298129
284365
287346
275051
1458722
291586
292105
279220
278453
1451379
289462
281957
281020
282839
1458113
296395
281965
313056
316101
1587600
311144
292787
295751
283303
1484624
295703
286723
284583
282809
1469404
292201
287427
284974
283551
1460676
291391
287201
289497
283515
1465226
295801
293426
284260
289926
1467647
303487
286394
282448
283130
1478004
296237
287287
286407
282142
1479447
292947
283188
283824
291764
1474843
300868
291344
292376
282565
1472972
293977
291066
286096
284674
1467590
304393
291451
300287
293539
1552687
300655
296911
288534
286493
1481915
296871
289331
286650
291108
1475427
296060
286929
292847
286345
1488728
296785
295766
286011
290570
1478339
303742
289196
293681
286340
1480076
297983
297405
286585
296091
1775539
305724
291779
295137
288677
1485408
299387
299151
289702
288417
1475756
308430
291797
289056
286460
1476194
297613
290707
287895
288953
1478109
298989
289792
287241
293604
1480514
297643
289189
293145
287930
1482418
298773
297210
290627
294207
1482947
308796
292817
290770
290459
1494143
300662
311560
293007
287645
1485478
303081
290847
288770
289477
1511631
306776
295438
291361
289446
1504454
304095
299682
292115
298304
1493923
304501
293551
297472
289667
1492291
302524
300314
292654
297711
1487097
307014
295969
297765
290309
1495256
302531
301710
291411
286254
1483727
302917
293053
289266
291299
1485481
302281
293270
306252
293180
1485833
300926
293752
291822
299432
1480106
303594
294716
298627
290759
1479634
299835
303732
290920
296502
1484699
308105
295019
292509
303284
1859860
312903
301882
298881
304882
1502868
306073
297766
295021
293233
1499040
306195
298610
293661
299011
1487405
307874
307017
302033
293787
1491797
306120
302141
294438
299021
1486064
313591
297941
300324
292441
1490267
306060
315554
303373
301089
1604526
343032
322420
322094
312795
1599802
325452
315008
310164
312925
1568737
316852
306573
303551
300913
1513741
311592
303487
299640
305404
1503524
311031
301239
307729
298865
1522187
318280
305977
301600
305879
1495476
308726
301940
306456
297656
1498220
309595
306524
296886
301073
1495519
316975
302462
305965
296646
1503603
309375
308365
299028
296445
1493188
319674
302171
301119
299559
1506516
315301
311006
301146
299723
1490995
317456
304296
300787
299746
1510137
311768
302560
304215
299169
1507844
312595
305393
300279
307272
1796481
317125
315055
304190
307009
1507300
320758
301654
310617
302121
1507722
315934
311043
302937
302362
1502793
325352
304165
309116
287600
1528582
313399
315303
304196
301224
1507396
322944
303577
308167
303724
1512801
315681
311742
305994
304203
1510696
322851
306911
302488
302393
1511984
317218
313316
306724
302805
1512154
324768
305952
298259
322991
1603419
324299
319416
312006
314707
1534603
326472
310430
315028
305939
1517892
316313
316777
306992
310202
1513823
326997
311154
315058
308009
1513990
321127
312650
307531
314782
1514399
324459
307694
327206
310107
1521292
318273
314792
307365
314015
1621535
338556
318097
325369
312462
1542749
323412
315782
311191
313044
1528940
323768
313534
309703
308027
1529324
321555
315306
322412
323251
1612707
330245
327240
317346
317205
1542363
621631
319388
315231
310780
1542812
331901
317338
330328
323422
1698599
382949
355398
339855
333928
1713301
376426
358190
341005
342328
1612405
338486
337923
323920
320976
1542401
337570
323432
328419
319683
1543556
333339
329922
319789
325739
1545646
335049
311257
326744
316944
1550199
330884
325466
317854
322194
1521533
328073
317739
320413
315762
1524508
328609
365343
347058
334214
1607779
334081
332065
319458
319212
1542333
337291
322996
324021
725394
1535220
339873
322074
318478
317684
1540116
327604
325454
318942
316040
1529690
337532
320064
322808
317005
1536320
330717
327486
321057
323583
1531492
335372
323016
337444
314715
1533781
331686
328681
319488
320979
1531358
348720
327626
329185
318748
1530744
331157
326258
319217
322939
1528742
329601
324096
326063
319263
1828891
340604
325434
327767
321302
1538206
331458
331649
321768
327564
1538407
328644
323527
325386
320962
1540667
332047
330012
320618
325985
1528008
329198
322495
324186
321394
1535132
332949
324570
321104
326749
1546566
333437
332445
322211
321560
1533697
342068
325116
328398
321858
1547248
334888
333101
323339
329884
1541719
339336
327754
332099
321608
1543105
334229
332548
323317
325905
1546736
334986
327745
325471
323575
1550635
334873
325802
322287
326917
1556909
336811
335813
327486
324903
1539322
356082
331182
331919
324755
1546285
337512
335623
324367
331699
1549954
342456
328198
332849
325489
1549918
337436
330423
326557
330120
1543504
335537
328353
331641
325131
1537906
345558
329393
332129
325161
1545784
338301
335935
323731
333452
1547302
345051
326822
334344
325933
1552289
338266
335280
327211
342757
1864693
340311
340899
329694
335054
1551938
345686
329353
333598
327130
1553419
340121
331583
327677
323727
1550713
340627
336322
329960
326454
1554664
350703
334489
336825
322262
1558370
340908
339373
328822
333903
1561106
338256
332628
335808
327396
1554319
340707
333475
330059
330703
1574191
343077
346264
333309
337492
1564231
347452
335603
337569
330411
1559170
342907
339818
329115
335365
1560726
342110
332204
330152
329876
1545531
350111
333572
334147
331113
1560432
344012
343516
332894
337141
1553855
350883
334196
339541
332194
1558851
343157
336772
329634
326238
1570164
344485
339055
333094
343593
1564677
353324
334695
339010
330588
1563342
346239
344302
332110
335805
1553452
341647
335133
333540
332285
1564830
351960
337269
338186
332974
1571640
346688
342876
332806
338679
1862713
346933
343390
334931
338061
1560453
351880
338131
342205
331997
1563993
343473
345255
332365
337015
1554346
343278
347848
336153
329393
1556789
355037
338148
340824
332866
1565935
345896
343250
335314
339925
1561367
344319
336579
342120
333572
1566351
345931
340245
333948
331486
1571395
347202
342228
336585
341138
1565927
354569
335640
342400
334801
1566386
349101
337605
335409
340722
1570217
348775
343222
337640
335527
1573840
355077
334227
343739
336347
1563544
349091
346076
337248
342085
1564449
348229
341080
337246
335164
1559260
357150
339459
345904
337319
1568628
351454
350018
338622
342881
1567522
351431
340607
336996
335903
1564462
358876
339368
344195
339982
1580869
352035
349529
338319
347480
1574855
351937
355640
337720
337978
1578827
368573
345054
349627
338797
1883308
368064
348320
350880
341212
1588500
355257
351789
342706
343102
1575619
352767
343718
346532
337883
1577155
363329
347059
350334
339897
1578030
353737
352138
343300
344984
1583886
355042
343871
342528
340609
1574798
362333
347244
349396
337755
1597445
357876
344082
342035
345117
1584207
354984
355791
344252
349644
1577324
362712
347527
349928
344508
1581606
356147
348091
345084
342057
1587161
355152
354335
342590
348269
1578611
361121
346573
349652
343014
1589674
364441
349121
349341
342789
1586768
360958
355585
349226
349163
1589005
357332
348738
349321
346770
1588474
367401
348645
356516
346039
1593925
359252
350336
345272
350354
1741678
369420
363625
354273
356478
1588837
362918
358530
352556
348781
1587116
367505
352502
358200
348737
1584874
362797
352654
347181
350526
1585550
361101
358272
348269
351982
1892855
365945
363820
353932
357442
1590604
360878
353521
351163
345688
1581012
369780
351770
356894
351196
1588998
363271
354987
353717
352185
1599332
361592
358788
353285
355593
1584385
358129
353749
352349
348898
1581373
370086
353985
357999
351128
1599905
362780
360274
351276
356688
1603388
363657
362058
351682
359207
1599410
370282
355475
373262
354371
1597954
373129
359718
368192
355250
1603641
366040
363423
353576
358562
1607811
365599
363168
353406
360735
1599956
373544
357736
354922
350719
1593103
372485
356363
361592
352319
1598696
366431
360279
351481
355679
1601173
367461
365997
355455
359901
1604851
377910
357573
355237
351689
1596904
377188
358665
362259
354584
1604050
366137
356573
353919
353135
1601366
365977
366090
356814
359011
1605739
364681
357085
355782
354017
1897601
369901
361124
357024
354295
1600246
376151
359545
361682
355425
1615045
369252
356899
355195
356445
1608144
370858
366884
357470
362000
1606921
368223
360106
367724
362171
1614739
378621
360753
363742
357901
1609571
373279
360961
364601
354391
1611715
371091
367563
355881
360838
1606558
371101
370384
360862
364912
1610124
370084
359073
361627
357295
1607783
378611
360818
364007
356661
1612913
367806
362394
359911
358156
1613439
371918
368588
360750
365030
1618305
385201
374495
362208
366464
1613947
376702
362677
365090
357711
1615935
384740
364647
369583
362011
1627451
374005
364940
361144
360555
1619936
373672
370808
361584
366626
1622698
373720
369275
363920
365160
1614392
396853
364799
363191
359201
1616820
381771
364737
366358
360269
1633543
378421
368021
368551
365907
1927031
397568
368919
370555
364248
1634404
377100
367959
362960
361096
1625647
374997
375539
364067
368252
1626308
379027
