347848
226252
188357
1386912
197381
187295
186010
173711
1271499
195912
190598
182532
196854
1248868
195231
187768
203740
185230
1254185
200184
185811
186230
190197
1251717
197045
187428
186022
188430
1251561
195078
187873
186228
182734
1253536
190279
210613
285954
280010
1378220
286615
263234
200999
188191
1336258
202196
197338
204048
187705
1274637
196906
193835
189893
188821
1280372
202559
191329
190911
190202
1658302
217970
189655
186385
187500
1267616
196606
188904
188585
188606
1249434
196501
191555
188735
194474
1253954
192169
198883
189833
188951
1273008
202274
189334
196647
220278
1237873
206734
190833
178557
196100
1257482
199277
210798
178815
178367
1247261
201106
192196
191747
205078
1267245
200215
191228
192026
190504
1255197
196028
190791
199653
200037
1250700
205953
189066
191489
195345
1248727
201617
201433
191801
191812
1251255
201216
212563
193459
192788
1256498
207341
194987
192136
192046
1247254
200718
193754
192439
191502
1261978
201087
192276
193840
188074
1261669
201665
190016
194406
194990
1261269
199813
182406
201595
193855
1260840
210741
194749
194699
199420
1263659
201001
201980
195473
199107
1269022
202542
195060
194306
190522
1290608
204327
198716
193649
195696
1631280
220265
202592
195175
194288
1268313
208110
200443
196193
198162
1269527
202580
197704
250720
197946
1271615
208315
198701
194682
196548
1251592
205869
197175
230020
211836
1335922
207313
196967
203660
196759
1257053
214878
198558
193466
204426
1259510
206972
207749
202840
198691
1266929
207356
200184
204820
198748
1260038
218541
199911
200500
201920
1262537
207541
207213
200458
198508
1266671
204719
201044
199182
198736
1281320
215417
200044
200147
200129
1270702
205877
200214
201479
201813
1282806
210313
200800
202713
198262
1278408
209866
204194
202324
199475
1297341
212605
208030
201290
200871
1285907
205374
206399
221528
202004
1282012
217807
202702
201375
208113
1264629
210661
210696
202687
201237
1268350
209260
201321
208989
185215
1277689
220468
204169
201422
208488
1644011
228058
200939
207764
211227
1277188
210367
199155
203820
204554
1283103
211683
201608
210487
206371
1287316
218779
205011
202329
199207
1284364
209353
206719
203592
202938
1281981
210508
204214
208533
202795
1279443
213846
205116
204986
219118
1284582
219810
205431
203941
200292
1286639
213795
204948
205975
204156
1294212
212894
206284
204742
192246
1272615
222701
194298
205346
211297
1289574
217977
214548
205809
206276
1293407
215777
207280
227432
195917
1270352
207706
205870
205278
212941
1313897
217669
204289
209317
206381
1290050
214640
208328
196769
208699
1313513
216143
208017
193193
219405
1294044
216301
209971
207972
202632
1306954
216619
214244
209488
208431
1303260
217785
208388
224673
208834
1281640
224987
209032
208982
216126
1275817
217985
217579
209907
208059
1651185
226186
209641
208493
207930
1310351
321059
230569
209651
208786
1305347
220243
210468
216494
210568
1282369
223661
210044
208496
210297
1300589
218967
210060
209508
209917
1296063
219732
211057
211621
210889
1307084
232536
213325
209287
203660
1305821
238788
211733
209055
215086
1300779
222248
201497
211578
211839
1304751
222568
212878
212160
210714
1327916
223002
213332
217712
211568
1295332
229620
215261
212064
219592
1291999
222606
211395
213129
214171
1306976
220481
212954
212490
215446
1304390
220779
213763
217426
216382
1292560
229825
213319
212746
219386
1288112
222370
221771
212237
213174
1296171
222100
215397
211948
212353
1293984
218155
215520
215081
215471
1311614
228084
215507
213914
220623
1305029
222891
231924
215081
213875
1321672
225081
216690
215197
214545
1666435
232816
223355
221328
214996
1338633
236568
218214
210576
216978
1317458
224102
217857
214484
216893
1313186
248152
217702
216649
222969
1316473
225169
225562
216546
216712
1316590
225961
217306
217915
216329
1341399
229747
218022
222791
217391
1302541
231100
218925
217065
224525
1296044
221303
215725
217987
219171
1314025
224377
218288
217748
227587
1312133
226462
217592
223999
218755
1298849
218714
219591
218995
222057
1312812
232393
218677
219381
221343
1313208
229168
225658
219666
219009
1300622
228785
221846
215597
221213
1319362
228830
219792
224031
220930
1315506
233852
221014
219191
225344
1314591
226615
217712
221872
222828
1336751
229258
228865
219546
220854
1327049
230511
221766
227449
220912
1320798
236111
221243
209352
222538
1320347
237475
221530
221942
227006
1670335
253878
221325
219927
215537
1346594
233504
223037
221078
227051
1347376
234143
231421
223446
223370
1319494
230767
223012
223482
223796
1334126
232195
223828
227773
233832
1323677
237379
224287
223811
223613
1316884
239437
224423
222606
229838
1330483
234501
221393
227730
225033
1334176
232227
230409
224849
222729
1331482
234428
224763
230782
223666
1325438
232762
224715
224222
225635
1330946
241569
227269
225031
230521
1330924
232714
225783
224119
226104
1325849
233792
246488
228960
225477
1336318
235207
226247
225923
225320
1334432
235180
226913
233962
225712
1312459
241752
215039
228863
232554
1350192
242391
228998
227812
234187
1332572
234713
234648
227903
228709
1339794
237557
234613
227362
227382
1356390
237833
229013
220887
229196
1334288
238703
229587
234931
226577
1354352
233518
230406
229013
232433
1733610
247821
229125
234731
228570
1343836
239875
229515
231339
232471
1337514
247548
231130
229407
234864
1341846
238823
231593
230664
232303
1337498
237851
236861
230975
229990
1331057
240356
239888
231341
228897
1536515
241374
238249
229216
228700
1345337
240219
243035
228980
231145
1348584
242063
232541
239529
232180
1341187
240384
234240
230356
231602
1345712
246518
232880
231707
238610
1348211
236828
232276
232541
236270
1342099
241118
240667
231484
231541
1344076
242209
242514
232759
231651
1384790
245172
234681
360500
349354
2124848
388541
367722
356129
243168
1453943
258972
237172
234302
241754
1366151
239630
230113
236129
242980
1353154
230300
236034
235643
235841
1357239
246027
260328
236160
235021
1371344
237423
244433
235978
237036
1361478
233455
239647
235739
235583
1754673
253436
230254
230832
236036
1363087
244804
244057
237144
237515
1367364
245413
246844
242837
237838
1361478
245990
239086
237069
236580
1359025
246518
240286
247012
237885
1356700
246666
240720
243566
239863
1352257
234621
239332
237237
237873
1358942
252800
239059
239858
244802
1356274
254336
240753
239715
259615
1372594
248207
239843
239071
245338
1356412
247901
247272
239908
240409
1366764
248999
250034
240499
240189
1365781
248129
247613
241722
238953
1359442
247645
242396
241223
239158
1362637
247263
240800
247192
238950
1357748
251928
241422
248611
241702
1357034
238733
243067
241872
241368
1361842
255213
243113
240845
247470
1363132
256937
242313
242306
247462
1361338
250024
244354
253256
252113
1362728
249986
247977
241407
244010
1372937
252078
252552
243446
244175
1758354
270065
242810
241604
250725
1381091
259723
232343
245754
270130
1458569
291684
253743
248009
246140
1454732
283937
246954
255581
237733
1426199
274610
252141
250370
243509
1425555
254268
246818
252635
246721
1378164
257907
246167
252552
246390
1371684
256070
246896
254321
246976
1368920
261440
246493
247082
247516
1377182
261901
247614
247730
254072
1376128
264131
249733
247703
254125
1375009
264444
248272
249261
256503
1376513
262522
249683
247733
255346
1371900
256218
251327
248091
253258
1372609
255754
255614
260094
248353
1379310
258774
257471
249324
248449
1382902
258516
257045
250445
249603
1384078
258661
244714
251023
249027
1385932
257932
244911
250575
249929
1400579
261973
258152
250540
249721
1377009
258598
236907
265364
250971
1385925
257849
239174
249540
250452
1768981
268421
249760
241559
255697
1390881
272170
242451
251747
254571
1384948
260009
239690
251895
250906
1384251
259989
259315
253113
252341
1383624
262894
259864
251973
253271
1389292
262392
246794
254228
252193
1386136
260783
263224
254314
254634
1403054
262673
260598
242377
251088
1398796
262740
259696
253511
253517
2166167
424171
380075
265762
267208
1468381
273465
255960
254170
260190
1390818
274908
255306
252101
258771
1386646
271307
253634
254001
262405
1383785
273372
256275
254195
260769
1383950
271024
254161
254406
261257
1395585
272120
255681
256240
260688
1401280
270829
256255
253757
251234
1405705
273607
256365
243659
262166
1393828
283673
257343
254276
261605
1404181
276785
256734
255426
250302
1404434
274646
257092
257754
249896
1399298
275600
256967
256696
251838
1786213
277000
255376
251775
256872
1414222
268353
259433
251695
257874
1404830
267135
256747
251475
257039
1408499
266814
258461
247884
258834
1407449
268706
257819
252511
269796
1413290
269185
266577
259046
248424
1398082
268383
266651
259102
246779
1401591
269103
254161
259883
260592
1395113
270012
250374
258721
260531
1408622
271412
267103
259376
252351
1405667
270738
260956
259204
253363
1406475
272400
259495
258746
253652
1387549
270719
262076
261089
266274
1384002
271062
266970
260626
268862
1391205
279963
297853
292897
274725
1417084
296445
285365
291809
277411
1461350
274573
262385
267684
261941
1419081
274939
263933
258390
264236
1418183
272859
263540
251484
262730
1483336
278374
261034
262632
263640
1448706
274274
271034
262292
261367
1456119
275607
272671
263632
275557
1785820
290812
262513
263434
260335
1418873
283090
264906
269693
263971
1413072
264018
265978
272467
263482
1418906
275336
266582
270213
265948
1428985
277943
267158
270137
264056
1426565
276109
266890
270911
264647
1422268
276431
266083
261181
265983
1413991
277208
266649
267243
266835
1417868
279802
284590
268586
266076
1418655
276301
262162
267667
267458
1437199
266839
275089
265630
266810
1412799
278138
276557
267138
266915
1415635
277597
273595
267586
266960
1412608
278624
257804
267761
274402
1410657
278960
269170
269087
273911
1421359
285908
267769
267917
274142
1417673
301243
269280
269877
262442
1432361
288946
272365
268032
270849
1423155
271197
271638
276472
267827
1426505
280345
269303
277156
286434
1434403
280895
270955
276846
269967
1429237
281210
270523
388394
296375
1869361
302185
271854
277479
269920
1462335
284332
273222
278032
270157
1428149
282604
261773
303091
272500
1455271
284187
289870
272756
273944
1454637
283102
279323
271631
271122
1420088
282518
280208
272655
270143
1429823
284714
300321
293706
299256
1542168
325617
281198
291949
286675
1522468
307420
279506
268448
267454
1512332
308811
279055
272686
273575
1455637
286783
276065
273375
281561
1444514
297590
276437
275530
281395
1453878
296517
276313
277023
276055
1431487
276655
290710
285187
274928
1446749
287502
278013
282045
276422
1444900
288080
277832
275941
276534
1436658
287730
282285
276306
278033
1450957
287582
286119
276434
276326
1435659
289028
264836
278018
282916
1435401
293072
280895
278943
296495
1436731
297906
279536
281090
279213
1436177
298690
278679
283615
276424
1814245
299271
286840
279211
279436
1477239
292586
285638
280050
286224
1450425
297998
280840
278789
285272
1444459
300091
280078
280253
280659
1445048
293659
281343
287575
280659
1456787
292275
281017
275780
282143
1449468
293428
282345
279251
279579
1461894
310279
291120
280093
281326
1454231
293183
282059
282872
287954
1450708
301281
284057
416744
362176
1554837
303131
288619
281333
280891
1469509
295237
291990
282593
281631
1450493
295030
284768
282691
278399
1456677
304666
283598
285354
283811
1434183
302188
282185
289126
282373
1452024
295420
284739
302110
284285
1457577
299277
285758
282618
282104
1456438
298182
291686
283669
282417
1444394
295383
279970
284933
291081
1449358
304351
284679
284746
290401
1453524
304884
285317
308588
300562
1525503
299256
285608
280532
286875
1462162
298999
595078
321603
292880
1528815
306328
288312
458609
460163
2157046
331047
297929
287938
288669
2371827
472344
311006
292962
298869
1559074
319428
293271
296819
291236
1487605
304579
292266
284019
291120
1481860
303336
299815
289231
289550
1489963
301542
283435
289376
311986
1475182
311480
286996
289760
282945
1469764
312417
291216
295300
290978
1469865
305879
324687
332513
300131
1515206
302481
299853
292479
290855
1464465
305203
292930
291702
704548
1489540
308761
293703
291680
291852
1476815
305368
300111
292494
291859
1467457
307052
294694
304704
300777
1475422
313860
294034
292654
292612
1472317
305666
293201
300590
293886
1477796
307937
292796
293656
293292
1480471
317238
305103
293002
299770
1467569
307290
296739
296337
313399
1483103
314336
294994
291582
293692
1480436
615658
336219
294212
295029
1529619
316231
295295
293581
300642
1477908
315847
295814
302607
294756
1487607
311786
297214
290111
297693
1479379
310588
303544
293040
297761
1464289
309558
288161
295969
306727
1476768
318987
298033
294864
297327
1475209
308022
297199
315096
298182
1489598
309903
303301
298337
297537
1503309
312309
306641
297282
301732
1480003
319849
301031
295709
290590
1480025
303756
298845
306084
296352
1486849
311843
286266
306347
298880
1489457
312314
309189
297856
297036
1476019
322969
301664
299011
304116
1484300
317781
301023
305519
298440
1487801
314221
301189
293551
298843
1479299
312698
305486
298919
299107
1485047
311417
300019
299464
306396
1483829
319506
302296
299447
298780
1479281
313712
301685
306270
299645
1484449
313076
307561
300640
301579
1488197
315418
297002
302303
319906
1902600
326441
301867
300687
301727
1501227
317000
312670
301963
307786
1494030
324715
303224
301855
307275
1489151
499859
307437
301865
300816
1515404
317543
310951
303116
301055
1483197
323362
303514
303606
299517
1486024
306102
304744
310620
302531
1491928
318717
304506
303238
304298
1485207
314476
314760
303434
310307
1485925
325740
303000
305165
306215
1478955
318102
306395
310264
304902
1488477
318748
310718
304932
303253
1493136
319102
311374
304381
312019
1488904
328458
306801
305634
305165
1486337
320848
303398
310107
304928
1486164
320841
312740
305413
303984
1478527
318707
313324
304967
342994
1507188
328391
307581
311738
305929
1503258
321858
306581
307002
305263
1495350
320475
315125
307315
311492
1486816
331020
310540
306934
301359
1493066
313823
310207
316223
307648
1893652
337013
307646
305443
302343
1503700
315859
310433
318052
308616
1512781
325557
317115
309728
308932
1497002
322675
321385
310565
314299
1504875
334695
311174
316040
310332
1506406
323913
309532
306879
306879
1502790
325094
317932
310803
319287
1500721
334001
311745
309345
310886
1499069
326607
313412
316370
309646
1495445
326111
318591
309798
312958
1507390
332956
312808
311182
304847
1503244
329875
311370
317288
308125
1505371
327714
319832
311943
309325
1511142
327511
311432
311602
318508
1504259
333660
312319
319793
313429
1512715
328275
329816
335227
333057
1569864
361344
334044
338551
330817
1568143
352368
340641
331355
337309
1557834
350667
331901
334958
328586
1560497
361707
334430
339975
331980
1563365
353736
353336
332051
339564
1550141
461185
326619
334593
317757
1997803
350625
319611
322843
316806
1551351
336525
327799
318774
314757
1527968
346738
318699
316942
317115
1521102
334633
315632
321839
316754
1529021
335387
325021
317375
322688
1516830
344598
320863
317849
318724
1526399
337221
321107
317082
317193
1537901
337725
327629
318343
337703
1524543
343650
320951
322896
318265
1525239
334480
317188
317754
318987
1520243
335895
309186
320636
326284
1521894
346941
319804
326767
319280
1530639
335828
325449
318588
317959
1503887
334924
320115
318238
323682
1520355
363371
317353
315224
318994
1551519
338857
328774
323256
326108
1531098
347099
322996
313141
321345
1560678
431112
408994
331856
332668
1620230
353837
325757
331591
324296
1549470
339088
332229
323272
322542
1531105
349209
324748
324345
324953
1525250
343275
323993
317972
324380
1539151
340766
332397
324201
330343
1954502
356219
332641
324820
324955
1547403
352078
328807
323169
324549
1530491
341772
327088
313419
324307
1537575
340506
335103
326366
333288
1531751
350226
326785
332756
325053
1539853
344340
332781
326674
325833
1537432
350356
326116
322951
322372
1535796
344455
325253
312422
324560
1537029
342007
335329
324206
332956
1531855
352015
326835
345613
327883
1537017
345566
333884
325354
324251
1530153
350824
326965
327113
326624
1541234
348198
326807
332332
325447
1537886
342433
333713
326907
335963
1538820
355476
327736
335006
327113
1541148
347572
334157
326938
326509
1534528
353288
331105
328599
329529
1539848
347029
328869
335301
327606
1538986
348925
319829
329821
335412
1538906
354598
329744
334818
327293
1538039
347307
353030
331190
335923
1552895
357309
331343
334505
329491
1943636
360284
332831
331310
336254
1550565
351374
331578
335879
331117
1555025
422865
341732
334495
327018
1642004
359370
335787
336778
334372
1574507
351038
334840
345064
337216
1560423
352023
335231
335061
333623
1556037
353326
336146
335775
340080
1552517
357510
336492
340725
334063
1547343
351472
342869
333959
341406
1554647
360828
334946
340904
333806
1555622
353250
346272
336317
341080
1552602
361520
340897
341278
335963
1554468
352717
343481
335276
334561
1562567
374713
339228
339587
334801
1564705
353152
340534
333252
333488
1552792
360154
336668
333971
340321
1560779
354576
336272
334558
335504
1557531
355453
335472
333433
339669
1556661
354949
335602
343508
334743
1565895
353621
342117
337086
340020
1575540
362920
336574
341751
335813
1559087
355270
344465
337311
344546
1953211
366987
342912
336239
341729
1566865
362484
336204
343202
335342
1570536
357613
342468
336111
336454
1560373
364126
