336357
218722
184639
1381875
199735
186292
182904
199999
1268801
193539
177242
181407
197608
1252982
192422
185534
190289
183208
1244616
198583
186487
183962
185558
1248026
194909
186250
186486
184814
1242610
182607
187987
186778
193516
1242280
191921
206348
189354
181155
1251975
195288
187330
189402
184807
1244793
193256
195712
202923
188307
1244490
193767
191033
195072
187279
1247344
204564
187786
186568
191614
1641821
214237
188680
187157
186891
1255392
197425
188460
189179
188896
1240997
196110
188582
187245
194484
1241892
193437
196674
189909
189292
1259976
197748
188936
195117
217076
1246402
206183
191221
189294
189114
1246908
197112
190557
189508
188723
1247480
200265
188568
190735
196594
1251964
198014
198754
190938
190354
1267631
197097
190805
196924
191537
1256731
206498
188332
191374
188665
1248028
200184
194263
192987
190549
1253408
207030
211683
190454
187279
1254979
198149
198668
190530
191893
1251111
201192
193913
198225
191938
1246405
206143
193539
192101
192276
1248902
200790
193236
193744
194030
1254297
200475
194507
193203
187588
1251754
199199
200204
193211
192541
1244147
199826
193258
199844
200683
1252361
211633
202976
194692
190780
1269848
200936
206005
196396
196604
1639497
216252
192564
194050
193333
1270269
210049
196448
195183
208108
1262883
201440
196220
248264
196190
1260885
203489
196373
195594
194399
1253774
203552
194669
232506
220885
1352641
216509
195052
197430
205471
1276912
206473
203184
195100
198026
1268823
206012
198012
200383
198626
1264501
205331
202116
199082
199315
1278676
207985
197450
197999
197644
1264416
208910
197325
198510
185976
1262121
202668
190219
200075
199134
1272988
206975
199533
207629
201144
1264246
213948
199039
199598
204993
1265932
208050
207749
200468
195015
1267143
209413
205639
206655
200741
1286371
221782
203074
200232
206289
1266368
206592
198751
201860
201447
1263255
209661
202129
206286
200593
1268417
218669
203522
201444
202707
1270101
209664
209290
202442
199267
1274288
210152
202710
202206
201480
1639364
208599
202209
199284
202785
1284898
217998
203957
203852
209227
1272449
211307
219346
217015
207113
1284680
213274
204632
210135
202890
1269530
216727
204554
204983
209869
1272261
211781
212414
190885
203194
1277296
211801
203943
211480
204181
1277225
219835
205634
204156
206962
1274950
213499
213399
205885
204582
1280665
214369
206391
211710
205210
1272382
219937
205336
206737
212117
1277944
216887
213408
205970
205710
1279748
213432
205622
212039
205033
1278794
222480
207965
207978
212676
1274917
215124
215660
207215
205912
1271715
214823
207306
211623
207684
1317558
269909
245922
223966
202981
1314130
216061
207181
204346
201853
1283938
217975
208300
208366
206915
1287549
219581
209265
226043
209576
1284990
230328
211428
210031
214943
1304325
218444
217501
211007
209686
1663459
214870
210462
209967
210515
1299351
322144
216682
209255
208867
1296585
219068
210275
216524
209045
1285689
225362
209747
210132
215978
1281898
219070
217524
210974
210653
1288246
218954
211402
219902
211676
1287503
236858
215176
203539
207423
1292347
218521
212089
211848
211305
1283279
218406
211187
210997
211516
1290057
213395
212881
215367
211616
1292756
229444
212522
212164
218749
1287531
222129
219213
202953
211370
1293598
221691
213600
217441
213908
1293866
222212
213249
210799
208094
1290944
220804
214369
212247
215777
1292250
222410
216198
212425
211961
1301767
222302
213841
222433
214379
1293292
243461
217514
213940
219671
1299892
218759
222042
213895
213893
1297101
224230
215051
213818
214121
1293831
224257
215753
215467
215088
1297136
230002
215562
214695
220947
1649610
231712
217060
209443
221613
1324067
237096
216424
215547
216116
1307267
225096
223743
215311
215399
1301253
225823
217038
223954
216637
1295327
234000
216472
217547
222738
1303044
226643
215635
216707
215970
1301173
225418
223106
217347
216229
1302127
225360
219191
223698
216238
1297695
228359
218599
218727
223663
1305943
226675
219010
219298
228501
1310687
211167
221894
218186
217238
1308442
211696
218326
224435
218396
1303302
221877
219638
218301
224317
1306936
214069
222425
218028
218925
1317021
215201
227795
220333
220561
1306109
214574
219702
226360
219826
1307740
215745
220847
220047
220050
1310191
222037
220105
219677
226382
1308053
214785
232811
221182
221218
1314453
216001
223049
220678
222821
1323176
215777
221693
227873
221436
1306961
224984
223531
222891
228710
1664273
230271
223064
240657
223523
1334718
235445
223486
222886
228003
1325175
220784
223413
222400
224398
1316338
217913
232711
222846
223733
1329743
221103
224465
229547
234470
1333066
233581
224327
231391
224575
1311880
223620
224194
222824
229080
1317209
218511
225425
228597
222678
1318505
219617
234808
225422
224988
1332781
220278
225267
231631
225300
1328192
234212
225763
229559
226489
1312862
225555
227269
225044
231269
1322209
220909
225768
225256
226193
1319850
219305
245899
243166
225633
1332179
221591
228111
224362
226272
1327583
222495
227797
266556
263139
1372043
271240
260420
264356
258346
1369567
257869
227164
214069
227351
1336757
243245
226532
225866
230920
1327529
236525
233994
227111
225490
1320049
235811
227865
226254
227061
1324682
236197
228607
234373
227254
1314568
235425
227484
228168
228424
1718888
250264
228178
224512
231022
1340937
240074
230035
234663
227622
1325569
246598
230213
227985
221363
1334499
244603
230446
227464
247688
1339759
240288
225374
230547
229281
1332028
236934
238017
230160
230391
1526420
239885
238568
229118
230078
1336854
239973
239805
235140
229705
1339115
241181
231734
237788
229454
1329014
234739
231361
231561
243982
1332933
248374
230457
231617
250284
1330500
242837
237662
229897
229625
1333847
240168
239825
231601
232057
1347695
242486
232090
244628
231223
1329816
242564
231125
365877
363675
2122219
391836
364764
355122
254497
1451435
253669
236786
235954
240103
1355151
245872
222986
235854
234187
1353069
246416
241559
235012
234678
1349416
244707
235102
233741
233990
1355154
240246
235884
252086
235814
1354836
247405
236255
241639
233946
1741380
260354
234453
229890
233836
1363503
246102
237425
241364
234020
1348897
248112
237009
246741
235197
1345863
234253
237252
237242
249052
1334652
241256
237216
237385
244301
1348311
255248
238775
236117
242429
1343750
248973
226058
237245
238310
1368938
248527
245504
237858
236408
1358635
249470
239465
238978
237073
1352616
249199
236678
232073
237444
1355803
245866
238375
246029
238508
1362391
248605
238244
241884
237560
1345584
257499
241865
238432
227725
1358925
256541
238360
240226
245476
1351556
251422
242003
241439
246242
1351203
249841
236057
240985
241805
1378961
250510
248242
239650
238402
1356560
253434
247272
238597
238768
1352824
250061
241554
248237
240730
1356863
251595
241000
256947
243393
1362907
251469
241507
248172
239878
1351521
242908
243859
241293
253198
1755029
267208
243015
241645
240376
1371404
253376
244000
272165
255679
1457626
282077
253604
248801
246971
1449756
283042
257431
248868
249816
1421436
277584
271507
256163
243426
1398742
257531
251141
244491
243128
1365440
257516
251996
245436
242629
1364312
255463
245225
242251
244065
1367026
252961
244175
249723
244979
1367738
256711
246636
250528
245162
1369742
258651
246515
264725
246721
1367174
243424
247183
246144
245819
1365060
262437
245554
246245
252444
1389378
265905
247924
246726
240782
1369156
265940
246180
257064
253677
1367440
266291
249450
247322
253402
1355064
258062
250645
248731
268601
1366084
259097
240451
249139
248716
1371676
257348
258481
248054
247826
3970348
449804
413078
385525
381167
2096953
424068
371657
376329
364446
2031932
413598
361840
364354
372798
2395050
302253
286319
268694
267220
1440869
277333
261204
256511
261101
1394562
261596
256078
253700
257744
1387430
259698
245731
254163
257346
1380755
259669
249049
252542
251725
1397141
260222
261076
251309
251733
1398313
296101
300356
273849
249969
1410423
261928
258792
263756
258949
1401164
261878
256531
242700
259205
1943772
341840
317594
296202
296432
1533486
301972
283069
287725
277198
1462891
288228
281222
279464
275152
1444031
285828
287855
275625
295190
1448535
294666
279128
281303
273691
1440124
284092
275695
274981
271911
1441705
282090
284793
277216
280621
1437257
293801
278271
274207
275640
1438994
285370
277935
283004
276848
1453179
303501
292115
276502
282516
1444487
290779
281050
274332
274980
1437303
285778
276842
284325
274771
1440435
286482
286633
277494
275915
1730395
288331
279727
282806
277456
1443372
287675
285616
276813
270483
1448573
288459
278468
273916
286748
1437741
292388
275702
286458
275159
1450513
287457
287790
334342
326349
1588485
301946
284267
289098
284962
1478597
292536
284678
283062
286284
1456927
293290
281641
284994
280012
1464771
291128
292582
280747
279700
1448328
292228
283706
278170
284285
1443324
285492
280444
286864
280962
1464723
294463
292274
281433
281493
1446007
290722
281791
279712
278599
1441494
287229
286954
286710
278153
1452766
290790
285009
281200
279877
1440928
299204
285424
296066
289850
1542246
300752
284007
286550
283523
1480396
295854
289121
285839
289823
1465264
293789
285593
291705
282611
1463119
292662
293386
283861
280380
1445484
297398
290224
283822
286605
1458511
294378
285089
287216
294062
1741391
302808
287788
286021
284377
1453853
296453
286272
289973
281536
1456023
293689
294040
283120
292473
1470732
304258
289171
292699
284257
1465485
296984
285638
286597
283859
1456185
296239
284997
283663
290674
1457281
302244
288477
295252
285886
1462751
296102
296039
287580
285928
1455619
295951
300835
288188
285581
1452254
296187
287089
294937
286017
1459195
297515
296144
286545
292508
1458993
306962
290667
297836
286094
1462410
298748
290061
289896
284352
1472173
300602
297976
290013
295961
1465405
307029
289259
294792
289888
1468346
298034
299470
288159
287523
1468562
307056
292030
289591
290323
1476770
299355
291797
289983
289283
1477636
300043
291794
288351
296886
1473811
304734
291476
295649
289951
1469817
300958
300106
290384
289454
1459485
310265
292905
295401
301682
1842921
308676
294350
292484
298137
1491840
303561
293005
298993
292975
1490728
301451
302005
290890
297460
1479349
310630
307260
300434
291594
1481098
303551
300745
292606
290258
1469995
312725
293972
291594
307847
1480712
304642
304855
309640
303557
1601517
338396
317353
309480
306290
1592223
323770
320729
311262
312860
1562081
322926
303874
309496
298879
1498906
311054
308493
299883
304847
1500490
318057
301442
303341
298379
1499072
309801
306626
298297
295523
1481579
316790
302511
298628
297026
1482892
305819
298587
296551
297375
1481346
309928
296368
297483
302043
1472405
324111
301807
308690
297187
1484536
309743
309134
299064
305032
1502510
321996
302807
307576
299344
1494022
310638
310976
300354
298009
1492777
322114
303451
304842
298823
1491951
312427
303398
299039
299036
1767685
323533
307426
309019
300750
1496654
313444
311011
302229
309086
1486127
321467
305516
310432
301026
1493719
313317
315662
301630
285358
1491076
327211
302737
299973
299826
1492241
310771
303083
301349
297846
1497388
314424
303055
300770
301201
1490151
312748
304160
302103
301655
1493075
313003
301131
301010
314559
1490883
311462
305516
303679
316942
1585234
322710
312440
308708
311053
1517354
317669
309776
307403
303186
1507659
317063
340817
337118
342696
1534313
342140
333140
303045
274222
1488094
326096
328143
319758
324780
1515196
335382
321081
341182
317398
1507534
298114
291978
287818
275685
1501118
310097
297119
288580
277992
1485055
317929
290123
290590
294192
1472434
305065
289015
295826
288587
1466602
299008
292125
308525
314870
1556128
306581
303639
294345
291985
1480544
588432
299056
300266
291925
1495892
301683
294047
328599
294738
2472199
439100
343272
326978
325725
1698742
371545
339311
322448
313131
1554950
330130
309956
307437
288530
1514088
310766
304235
305686
300104
1491798
307994
304934
298039
300088
1505180
340847
309974
285222
319353
1509688
314233
297464
304366
296595
1476057
305133
286806
316123
295005
1484037
303865
336948
466119
344997
1641333
341646
303531
311148
300687
1522874
310319
309234
300179
713775
1486367
295921
303463
304511
296523
1479575
305295
300547
297289
297314
1476485
306323
305097
298928
297046
1485813
307122
299840
297420
302900
1477275
312835
298984
307074
298299
1472579
305817
300061
303378
297134
1471566
316278
308280
298637
295237
1469148
322225
307333
298580
303509
1478853
313044
300685
298126
303153
1757324
311427
300935
300056
299001
1486863
306504
305223
298279
297746
1466297
305313
301229
286678
302331
1472398
315997
301301
301910
300630
1476951
308603
301038
306628
298941
1474913
307422
306138
299916
301198
1482957
308718
308846
299888
305811
1476753
315419
303138
300905
289983
1470822
299895
303138
308844
299570
1481577
308978
303396
300239
299820
1492091
309003
310064
302274
301447
1475778
316799
303341
302748
308531
1476402
317150
303516
309419
302123
1487553
313459
303293
294340
322017
1497047
322475
312697
303541
302787
1478311
311652
306164
302857
309435
1479031
317087
302476
307899
300211
1484388
311224
303624
291384
303524
1479627
311038
313354
304398
303599
1481574
310670
304519
302722
308843
1485510
318536
304945
310936
302173
1494975
314552
306398
300830
304078
1489900
313452
313529
305208
315715
1786543
322840
307611
312747
306631
1493108
315601
307997
305481
303869
1515890
315616
313454
308169
312399
1491088
321302
307713
305323
305261
1486225
314521
308874
312567
298753
1494514
316123
316814
318509
307797
1521197
318485
311307
308944
311720
1489813
325136
309720
314705
305822
1500239
318540
313236
315113
306768
1496849
318385
318408
308630
313780
1487991
322908
310252
309946
304153
1491238
309881
312068
328321
308197
1500001
319152
315604
307718
307045
1496954
316544
317125
310380
315924
1497345
328068
311036
310680
310166
1499207
318023
313935
318980
310603
1495945
318987
319445
311908
323131
1508889
330589
314121
310149
305177
1502141
326574
312735
317521
311279
1504549
320205
318661
312861
308230
1492243
323312
315669
312519
318440
1513828
330438
316301
318902
312227
1804107
326241
323569
314209
319498
1502919
332338
316917
321848
312700
1510821
323490
316874
303213
313742
1508320
324066
333816
316659
317393
1503174
330173
317651
314661
313181
1498781
324920
315176
320583
314331
1499385
323430
322936
315935
316400
1502525
331503
317095
315326
318784
1503607
312630
319069
323302
313495
1513492
325632
325031
317721
315923
1526026
326299
318673
316887
321786
1504875
322028
319019
323314
315666
1518143
328188
324239
316904
315779
1506151
325562
318375
316642
321034
1518096
324186
320560
323868
315987
1519288
327935
324254
318435
315574
1508761
326634
318939
319160
324758
1510245
334479
320580
324475
319287
1517296
325762
327116
317558
315504
1494785
326659
319836
318368
325078
1504614
335094
331435
326461
319320
1515942
328043
326649
320408
317744
1820494
345014
323818
328321
320004
1532298
329859
330062
321979
321245
1519674
331663
323129
319568
326311
1534764
332082
323152
329028
321139
1518812
329980
329982
322808
320591
1513319
339075
324171
322339
322775
1515632
332242
323307
328760
321661
1561250
337625
333796
324996
330629
1523786
340401
324998
329411
321375
1521338
332949
325487
322610
321908
1526031
330824
329856
321748
327822
1520791
341747
325940
332055
323184
1530873
333911
334447
323189
320902
1516982
333904
324179
323703
327992
1520370
333017
324941
329444
322134
1525590
333600
334305
326928
329173
1530096
340491
326922
325679
323276
1531594
335224
328193
326484
322898
1558140
334104
318295
325735
330914
1526569
339937
327083
331663
322910
1528823
334944
334277
325529
324958
1525196
333964
328461
325915
319435
1572325
342867
329954
324956
327569
1843392
344877
330496
332894
327539
1547130
336224
329348
328977
325597
1531784
336026
329298
327839
332626
1528802
332362
331152
335939
327110
1535232
337795
338454
328709
332670
1533327
344322
332573
329188
329095
1540715
336211
329874
327298
327516
1535889
340328
337006
327852
332387
1530265
346447
331560
335440
329148
1530388
338224
352231
344428
338272
1546460
348437
334851
334938
328401
1545731
337977
338083
332348
328195
1540576
339619
332556
330218
336256
1533771
342143
333873
354704
330896
1551988
341576
338659
331546
339454
1546827
348660
335447
340325
331050
1546270
340979
339569
332031
331139
1523578
349602
334993
332432
330143
1547726
345631
335078
346107
332563
1549790
340451
332648
332550
336838
1537702
347953
334174
339018
331390
1545263
342120
343924
333758
338191
1847193
346284
335875
334778
332150
1548643
343997
336560
334232
340908
1540517
344490
336402
341430
333688
1545588
343443
341594
334269
347833
1547398
351509
339441
352782
334816
1551795
344821
342152
336670
338847
1569090
357441
339742
341646
334951
1553674
344718
344947
336560
334884
1545583
351732
338729
335713
336412
1553083
345560
342365
336680
335452
1557438
347199
339777
338198
343270
1542772
343455
339498
343658
338522
1550277
347653
346984
339010
344087
1551918
367300
343994
345889
338522
1556847
347623
346520
339539
343381
1553484
359197
342436
346994
339484
1562587
350474
349827
339491
345222
1554686
358790
344380
344616
338755
1565936
349020
347831
339364
339233
1554243
357039
344024
339111
338857
1562101
347930
342861
355187
339083
1554146
359232
343946
341827
344605
1862480
355696
353454
343451
348647
1562387
358169
345754
348434
342015
1559086
352073
348091
341404
346653
1560345
360029
