357242
212545
199799
1389448
204680
200024
189304
189204
1274469
199878
192432
193807
211159
1260901
207501
191048
187039
189073
1257295
197604
193334
283728
210019
1334452
271120
199674
191472
190211
1339566
204041
192901
190728
189840
1269738
196122
205968
182438
185708
1276070
201131
192416
200944
189560
1248612
190936
193030
208488
198656
1253370
199791
195972
190354
190617
1261414
199558
191459
197117
191339
1642308
227003
208466
195215
197744
1269368
238152
194992
194719
199628
1263073
202798
201011
191183
194158
1259542
199184
194817
204236
194937
1269748
209300
197017
193521
229935
1257520
200879
202617
193662
193226
1256370
201437
197606
201831
193434
1254408
210313
196135
194070
192312
1268952
204103
196479
195045
194005
1261704
198373
197788
195594
208669
1274276
202752
195820
195989
189853
1261698
203466
195894
197686
194752
1267350
202592
218935
192557
184396
1278295
204020
198435
197623
185515
1275235
204970
199440
217328
197887
1291806
197683
200270
198889
203465
1275496
204294
189285
197012
196681
1273234
204111
199159
202083
196110
1271968
212733
199187
199187
204599
1274506
204166
207148
200066
203286
1302992
209616
201176
207586
193962
1293718
212081
205674
200287
218579
1561502
206241
186502
200568
204787
1275323
210603
209285
200402
200691
1280295
204620
202006
261119
199861
1282164
201906
204399
201051
207744
1275995
208576
208662
237650
292100
1436098
216953
199849
207185
202950
1320231
209568
203955
196481
201879
1298001
211923
205314
207486
215116
1295122
214549
203317
200525
200545
1285524
208744
211804
203575
201272
1290493
210869
204547
196621
203247
1291726
231461
192299
191369
195577
1291202
208501
212327
201853
201122
1271129
210661
205983
212680
203998
1291019
216709
206263
204301
205136
1283770
211543
208854
203722
194960
1307422
226482
206090
227826
206416
1308735
206959
208972
192978
217516
1300486
213001
207968
205847
205018
1289040
211294
211736
206606
207922
1291691
211593
209204
213570
201169
1284407
220636
207288
206491
211623
1571282
222889
209243
204910
212222
1292615
213026
213084
206885
208047
1280367
212478
203314
225109
211816
1288556
202238
208955
208258
213971
1293510
210192
209914
208826
205354
1279806
213999
210099
209724
205833
1303671
215033
209077
214537
196766
1294948
211070
212347
208087
225785
1296677
214880
218619
209073
208232
1295617
216772
209097
216099
210335
1294221
204947
212623
210134
217170
1298667
219103
212645
211490
209676
1311544
216409
205536
211520
209844
1319043
221004
214008
219396
210382
1300805
240091
212483
211350
216403
1291500
216627
201691
213359
210844
1347537
219238
217424
213447
212112
1317954
219549
212480
217848
208165
1293134
226996
214209
213953
217960
1300741
220471
219464
224791
211573
1306623
218675
213156
214124
211959
1307858
217960
213500
219376
212567
1597796
222300
215597
221302
212956
1298910
330506
216342
214306
212172
1306182
219596
215669
213374
201094
1304826
219714
223026
213860
214474
1320014
220343
216780
220849
216289
1306232
227597
215028
214963
217521
1313794
240665
219496
220002
221591
1309204
219098
224840
217093
214562
1287824
223289
204419
222934
215316
1340084
218724
217276
217489
216850
1314230
244682
218303
217356
221073
1291520
222019
227950
217150
216903
1317319
224295
219037
214925
216196
1313962
224497
218115
222628
218769
1300025
232926
219617
217524
226577
1313922
224520
219072
217895
218572
1310722
223350
226276
217504
216281
1315240
226161
221092
223217
219326
1314290
225563
221033
218313
218276
1329407
233989
217679
217972
225666
1308369
226169
228945
220461
219591
1306460
226733
223315
232651
218130
1617448
229156
227807
215119
217903
1317390
238535
220295
224502
220130
1311349
229692
221584
219990
220857
1314638
234979
221924
219824
214437
1304473
224914
216920
223250
221688
1343986
230481
222741
235671
222445
1353951
230383
223548
228642
219885
1323230
218127
223889
223475
234280
1322456
231716
222899
221383
228236
1317229
229972
230253
221862
235245
1314142
228996
219970
224528
221761
1321749
231368
224838
231414
223766
1318645
218734
225257
224513
237545
1318264
238384
224555
224475
230065
1318109
229732
232959
222628
223610
1313059
230657
225989
225676
226357
1326410
230072
225926
231614
212583
1324005
232070
226974
213870
223776
1325646
240805
231937
225322
232448
1325536
231944
231684
225706
224708
1322524
231879
234122
225362
224871
1323551
231573
226649
220095
227936
1625349
221761
230456
229730
236522
1347461
232255
229945
231827
227076
1335822
234109
231178
232393
227727
1330056
242862
231644
230381
235543
1334316
233971
229567
229768
245158
1329773
234290
236262
228845
226910
1338616
235535
234906
230233
230210
1329224
233030
231042
234769
230729
1332958
236796
231719
234876
230048
1331850
243303
230303
230635
236988
1334980
238081
229975
226763
235778
1328989
236605
238362
231251
230792
1336862
237117
236683
233463
229414
1359739
238983
246074
233418
230757
1346645
236954
233271
238240
231381
1338849
238217
233277
229905
233247
1340711
247472
233123
231263
239352
1337579
239294
232052
232726
232271
1338297
254812
241615
232310
218602
1354500
238415
252096
267348
263843
1366194
257100
240753
234159
232518
1359682
241539
234180
235227
233551
1356878
239354
233994
227264
233709
1653145
241629
243268
235164
233641
1353608
239530
235250
239337
232105
1351164
239502
235901
239943
235084
1343359
239965
234022
235635
235686
1343971
246062
235225
235290
227787
1348987
246586
236543
236320
241106
1532453
250196
235883
234716
228306
1350451
230427
246756
236204
238031
1349063
240817
232684
235653
236162
1363949
243706
246022
237701
235131
1355126
243990
237707
237996
236378
1352350
242256
235345
230409
238036
1353993
241905
256055
298863
236490
1408111
246734
238730
259768
236146
1361163
244211
238741
378335
372108
2155222
404686
383996
346595
261019
1499477
261850
248255
243794
247951
1388698
250517
237896
243025
245160
1373589
249016
226319
241612
240304
1381178
247728
247733
238755
239139
1359527
246122
253812
243145
241489
1370090
248768
248678
242942
242551
1665171
249048
248951
235207
239823
1368763
249896
251738
240832
229254
1389904
248061
252733
245333
241021
1368821
249989
244835
245022
243567
1365450
248553
244321
243359
242441
1370779
250608
246361
247819
243268
1369712
252730
245303
250703
242834
1385033
251467
235090
251109
244090
1366067
264233
246209
244959
243567
1365127
258190
245147
243193
249836
1366049
258593
246195
244802
250384
1383845
263217
248420
245163
250505
1370464
259831
248345
245398
251369
1374601
252359
250379
246363
251873
1369961
253123
237553
247809
247988
1383632
255750
255080
246877
245270
1369359
253106
254927
246270
243283
1375499
254374
255782
245851
245831
1375508
255518
242338
248353
246738
1389287
254045
248783
260488
251014
1376152
254862
248648
253013
247217
1379279
256652
250284
254333
247217
1681265
257225
260475
248665
249041
1383962
255795
256849
267110
275499
1518784
287311
269891
264655
270145
1516030
297199
270729
264677
250926
1467643
296349
274893
268246
257726
1455690
265677
259257
262083
254333
1409792
264705
253795
249091
252575
1393800
257303
253341
259402
249961
1390576
260044
254569
258015
253268
1389644
260092
255716
256303
252176
1392906
259766
255952
260540
251371
1389758
260685
254632
259759
251928
1383727
262206
256328
260029
241246
1380710
260623
254279
260503
253372
1389398
261889
255025
270305
253837
1382630
260793
256659
261094
252965
1389766
261398
257405
262011
251164
1388311
259047
255632
260881
257243
1418820
263931
257591
262317
254351
1397913
267251
256208
262279
255286
1391167
263579
257924
262527
255083
1395104
264379
258917
263139
257955
1690591
266517
259427
256466
256516
1395096
275008
262598
256636
257217
1393183
263918
257781
258546
255619
1400673
263204
258551
256639
256055
1396126
264009
259437
257912
256767
1403543
265281
260358
258317
255817
1398140
265499
259177
259558
257024
1395517
265449
248683
250224
257616
1414675
266978
260017
258982
255296
2238665
440305
364391
279276
283159
1523360
287489
267526
266246
271159
1435185
280999
265046
262911
248423
1413055
286740
264123
259751
261181
1417807
290311
262865
263738
262708
1422899
272430
261099
254196
260036
1403673
272803
263051
267624
272388
1409669
269446
264104
268526
259413
1411709
272239
266158
269073
259981
1412150
278747
264336
266957
262773
1411112
271213
264878
268488
260929
1410012
269827
264011
268864
262189
1417850
271532
265718
249876
263577
1715014
273319
259897
267053
264620
1400776
267952
257984
264354
284640
1400621
273510
264693
263412
267509
1408185
273214
266327
266000
259327
1410090
279950
267867
273210
276421
1432143
271962
265509
269343
265298
1403187
270208
265983
291033
264837
1426410
273462
255121
283766
264896
1409591
273047
266853
266879
264648
1412636
273880
273493
268210
267829
1412643
273908
275647
266995
265682
1420178
276244
278754
267236
264833
1405710
273953
275066
266920
265013
1414310
274856
277647
266080
269766
1412936
274144
270779
267639
271877
1410712
273748
284926
286715
290569
1499247
288036
272934
273469
269957
1434486
279967
271402
277228
269636
1439295
277645
270187
275044
269353
1424944
276199
270819
275234
268007
1420141
275931
269484
272210
267248
1420213
279288
270693
270919
280819
1742412
288525
276827
273685
297267
1444932
287482
273077
271508
255278
1421364
286863
274750
270954
271650
1421368
268410
273740
279539
270758
1420003
278770
275685
279819
270640
1427334
279702
272102
279143
271335
1428409
280949
273703
272600
271237
1424310
280556
280874
272598
272212
1427750
279945
293969
276329
271813
1421454
281280
281701
273300
273014
1418519
280454
274657
272390
278601
1425876
281633
274931
261463
281000
1432143
288961
274838
275231
263111
1432352
288880
276252
274089
276174
1426402
282889
276597
280268
273342
1436586
282007
275114
282611
273360
1432874
281215
276851
278600
275329
1461255
284991
286024
277123
273179
1445165
283074
285870
274876
274840
1435095
284350
266754
278085
282074
1432867
283621
280581
275088
282029
1434068
291712
276866
412827
298240
1857910
297555
274227
284603
287309
1467216
298164
283019
279744
286923
1448228
295485
281438
279726
278920
1445399
287547
291894
284082
278099
1446406
285096
281007
265226
278336
1442111
285818
273763
280706
277847
1460616
287086
302622
296831
293912
1583272
333274
309275
312579
302033
1577730
314740
306067
294767
287693
1556450
309077
295062
293373
296011
1482451
309335
289083
291562
284420
1480175
295127
285691
291253
283139
1470920
295107
287695
284856
283496
1453550
291228
293489
284774
284646
1454687
290767
290016
285440
288655
1453851
299974
286174
283618
277106
1445842
299713
285871
286765
285467
1448560
292045
284944
290479
283488
1453239
294954
286201
285097
283263
1446321
292965
293173
284413
283478
1436252
291679
294225
287439
287069
1451031
281531
288111
284398
291293
1750386
298602
289191
291035
284789
1455635
293651
291622
286337
282626
1452891
294621
297923
288387
286420
1440081
293909
277003
287332
275457
1473931
308740
292624
287825
286863
1457599
294962
290504
296247
287311
1457140
297377
290777
290125
288820
1470647
295884
295956
288647
289777
1452868
296764
298167
289768
293804
1458674
307984
292466
410321
365298
1598191
294789
304151
296094
292276
1487698
283397
296683
291524
298976
1476412
289978
294323
291679
291870
1461059
285813
294039
298660
291985
1464334
285743
293152
289302
289211
1472499
282576
300955
306045
293456
1461069
284160
296621
292105
297540
1466490
293969
296024
292536
291980
1468243
287387
291792
296941
291687
1469428
283957
294135
297675
291867
1483809
286971
303168
302048
292992
1551615
300028
300664
299277
299735
1490783
294120
589818
302088
296075
1496392
287865
303807
462937
469763
2203856
372301
337379
331250
322124
2434713
451965
338457
325316
324441
1595593
309992
314288
316261
308527
1511214
299179
315614
303622
303005
1488014
296776
302266
301148
308139
1496167
317995
277585
307461
299357
1492790
309532
299583
305303
298921
1484122
292291
310006
300891
298347
1476688
293689
335653
325184
314907
1552752
297389
308192
310427
301990
1519937
297026
311640
303609
716105
1495809
302509
303411
306618
300647
1485413
295049
303629
302707
299765
1483697
291130
308305
301100
299567
1473992
294679
302975
301727
307468
1479905
300878
302699
307729
300545
1480825
293892
303474
307147
302286
1484380
307017
313697
301083
301632
1476981
293193
303301
302955
307392
1484561
300660
303434
303138
301194
1486265
598679
315296
302506
303166
1495418
295581
304363
304258
307576
1485678
302396
304243
309675
304814
1488325
296804
305320
308199
301983
1489726
295573
311600
303844
303858
1495807
300863
307743
305160
313251
1501816
306992
306003
312743
305424
1497694
298835
308180
305558
304476
1489498
296468
312838
303838
308949
1486197
305343
308497
305716
305907
1481794
304481
307320
310773
304448
1494376
299204
312384
306842
305313
1493086
299941
316020
308948
312971
1487876
308553
309553
307007
305158
1486357
310194
308252
313432
307478
1491304
299648
316596
307763
306739
1490244
300837
310289
308828
311818
1495000
305621
309824
313802
309157
1494707
300484
312088
308015
306654
1495659
300554
316902
308470
312993
1492384
307595
312156
320756
305383
1506464
302374
310936
316978
309768
1500428
303331
317206
311267
320561
1799102
324043
314767
316426
310232
1506196
304113
313128
310357
311950
1502505
305752
318709
310548
314978
1498217
309309
313302
311620
310127
1498518
306245
314201
317218
305749
1507643
304947
321049
313201
309164
1503980
314545
314955
311038
317642
1498340
305821
314814
321046
313519
1508719
307984
323763
313574
311537
1498913
305163
315874
313971
317044
1507464
313728
316291
321164
311733
1511116
306763
320784
313253
313592
1503948
307849
315765
331235
321610
1524417
328563
318105
321340
313872
1517073
320089
318347
315614
314942
1514107
321758
323169
315486
320994
1507972
330187
318233
319691
327544
1515351
321663
318313
316639
315719
1510816
321152
323242
315757
320994
1525028
332120
318012
322668
315722
1514565
320823
318282
316629
316601
1513234
321044
325386
316927
321671
1810950
325582
321029
317192
316983
1517800
323251
326013
318446
322605
1509533
331921
321460
317375
318167
1511210
325273
333004
322249
319047
1520055
324101
327364
318348
321833
1515103
331235
319375
337517
318691
1560728
359226
353486
346104
345067
1535821
366767
331976
318866
318508
1562630
331021
322830
320748
320294
1529742
327582
315143
318415
326537
1520155
334382
321332
324687
318821
1523776
329596
326028
318997
318338
1515003
329558
322795
321144
326907
1518975
325432
323354
326651
318544
1520884
328834
329804
320836
319332
1520007
334868
323059
320011
317644
1522215
326937
323154
326635
319937
1523778
327807
328704
321525
326263
1521400
336830
324096
321866
322688
1528118
331613
324241
310735
323029
1526187
345492
344715
323219
316473
1541304
340140
327567
330546
322435
1825947
333199
329589
324214
329890
1530335
326347
327610
329306
322713
1530815
333134
331892
324344
321122
1528525
341323
327081
324289
323592
1533681
334415
327451
311750
324192
1530654
332831
335374
325825
330333
1530263
339935
329744
332495
324783
1556215
338988
334658
324887
324126
1531711
343836
329123
329102
329554
1535147
336755
329927
333297
323600
1536132
334595
336009
327256
332743
1530499
343195
328125
332906
326021
1530208
336294
334778
326494
325927
1570330
348332
331600
329195
332455
1556801
338953
331187
334756
329333
1551517
338446
320223
334187
335798
1535635
333448
331320
335239
328925
1541511
339536
338030
329839
334492
1537645
345350
332039
336019
328147
1543781
340564
336798
329341
327752
1529958
338980
330819
330288
335295
1538540
338346
331947
336337
327792
1548019
340669
339126
331430
335557
1848967
343535
335730
332310
331654
1559443
339710
333512
330999
336499
1535242
339443
334607
336001
331290
1548119
340186
339032
332841
337549
1542341
348955
335640
357588
333022
1569601
343280
344112
334059
339419
1548342
351173
336372
340922
333568
1560332
343440
343187
334375
333844
1549239
351176
335146
333528
332500
1550731
345029
336720
346806
334841
1550870
343949
334996
335172
338857
1544864
343363
337628
341308
334009
1556433
345638
344741
336036
339890
1552226
350825
337675
341052
332996
1553627
344064
345736
336038
340641
1555579
352368
338210
342260
336382
1559513
346843
344060
334816
334745
1546620
355080
341278
338472
336492
1560089
348956
347831
337319
334301
1582588
357791
341749
338015
333009
1567962
345946
338780
335707
336687
1570631
348397
340400
337409
331844
1859879
349038
349422
339060
342448
1568260
355250
339744
344536
338086
1557560
346137
346851
338872
343766
1553178
356515
340902
345300
337043
1563793
349321
347315
351629
338882
1578156
358763
342082
345420
339677
1570067
350377
348306
340276
340023
1564552
357966
344728
339173
342195
1567852
348542
347585
340415
339998
1560385
357794
342987
341664
340401
1570578
351356
342884
342691
342383
1638338
378601
352098
340258
344330
1602145
354714
352737
342989
347485
1573542
374191
348455
349675
342839
1577625
353910
352175
344510
349151
1564334
363667
349564
349760
344330
1570230
354669
352208
344189
349787
1570290
360635
345638
350201
343703
1573014
353498
350800
345538
346743
1566008
361206
347304
352486
343039
1571387
353626
353699
346232
349289
1578569
362883
347693
350830
348274
1870170
364754
350555
346412
343503
1579120
355310
353744
344623
348474
1571876
364314
346928
346395
346415
1577384
353839
