315368
230554
213968
1409326
227314
207885
197117
199580
1307660
222378
211583
199518
217632
1302132
214369
205225
197388
208210
1295956
210072
205196
201810
200272
1295911
211690
211881
202124
200132
1299779
215379
211225
204303
201417
1299080
211029
215903
206895
199254
1295204
214304
202522
204349
203675
1300281
214324
202488
227436
202890
1298373
214890
198420
210538
200014
1294518
206953
206168
203517
202269
1687614
221989
208453
204539
203923
1312962
216404
205940
212368
204369
1300518
215321
206038
210388
204860
1295558
212307
235610
215813
207974
1320452
217339
210513
218095
237089
1311827
224816
210863
215073
207171
1301143
220967
212941
208266
211480
1311958
227404
208082
208501
203692
1301484
232145
210548
209503
216241
1313653
215735
211010
209494
214853
1310463
218889
206472
206452
211987
1313120
222056
214191
208601
216609
1302744
218972
239016
211094
207864
1320867
221298
216760
208313
208741
1318259
221107
222551
210758
210641
1304713
220906
218962
213943
211643
1311309
226632
219380
212860
213029
1320146
218792
218754
211157
210179
1308658
222027
212926
212340
211315
1309725
219240
212570
215176
210756
1320527
222533
215199
209135
207143
1332615
222668
214654
217552
211710
1694047
233498
214391
212402
208985
1334329
223247
221661
213951
212528
1326050
221879
224618
265935
213963
1325343
224220
223601
213879
212194
1319622
224214
223949
225191
221568
1376478
227627
212302
211110
212084
1330949
226229
219057
214277
212485
1329648
225027
225029
218694
215737
1326949
227885
230501
216990
214126
1329114
226775
222761
216312
215580
1314864
230750
225800
217118
215730
1321492
224235
226004
217126
216843
1318851
227238
226873
219135
215274
1322591
229213
227675
216579
217804
1326458
226830
227836
217384
215372
1334762
227684
219484
218542
218226
1334143
228244
229877
217767
217549
1322707
222871
219153
218153
218371
1327193
229028
228307
219206
217782
1328723
229309
228637
219882
219975
1335338
228848
230790
219508
215439
1337338
229592
229546
220743
219391
1710417
251860
220844
216652
226570
1341824
239921
222628
220523
224049
1332888
238269
219315
233117
219349
1335747
241371
223060
220230
217970
1333191
235959
224530
220033
226545
1338363
242922
222630
219428
221874
1342262
237300
220554
219441
224838
1340986
236443
221511
220030
224663
1336574
237973
220569
219894
220796
1331833
239813
221696
223304
219416
1325378
235878
221871
219834
221957
1328333
230955
222806
219283
220691
1335216
230606
221560
221275
220549
1329465
229298
222438
223871
223555
1332209
230379
223373
226384
221799
1324614
229339
223204
226853
222766
1342672
234496
224492
229785
224317
1349133
235501
224743
233992
220649
1353052
234794
226989
229647
225996
1352212
234586
224523
242446
225640
1357652
236340
227935
229517
223886
1346803
235160
227181
224295
223706
1718968
251139
229995
228432
404621
1391161
353183
227350
236132
227194
1349829
238336
229384
236342
227339
1357058
239259
227687
233999
227753
1348586
238685
227317
229629
226029
1341540
236748
229960
223814
226164
1342174
247989
231747
220704
218278
1353783
235149
230491
228527
227507
1339777
239209
229504
228599
225793
1335216
233885
238569
230855
229276
1350248
241304
238376
230572
230649
1335371
239945
239166
231794
229790
1347246
242073
237236
228785
227149
1336519
242403
229552
227953
221681
1349038
241985
231451
229915
241376
1349448
244869
234059
232045
238405
1351929
252068
232739
231837
226828
1346867
250542
234067
231045
231574
1348539
240356
228462
228707
228867
1348163
242777
231922
238281
231241
1354668
243990
233064
239099
231341
1361053
244336
233361
238467
230303
1727358
258265
232453
226364
239114
1384453
262357
236165
232010
238039
1366848
254802
235343
233536
228191
1352230
253381
236187
234696
231040
1352705
241331
232102
238429
236304
1359714
246891
235475
240303
233405
1362245
247513
236239
241557
232336
1355961
246501
234936
236197
235465
1354339
237966
236520
236012
231925
1360163
248072
247440
236056
246766
1358993
246147
238868
236946
236415
1362656
247816
238965
235445
243007
1364849
255850
237156
233293
241063
1368437
257483
240564
236801
237600
1359439
252768
237836
234401
233951
1350403
264501
240149
246273
234846
1374043
247137
236550
243032
238319
1373408
250214
239597
238866
237054
1370612
248949
251891
238590
238620
1365210
247372
250585
238647
240426
1367911
247936
239214
239169
243817
1370369
250668
238499
236348
242394
1736798
265028
240071
236833
236874
1392542
251466
247593
239419
241078
1379032
252173
250472
239682
239369
1373436
252241
239141
237993
246282
1373616
259901
241892
240224
257238
1383264
260856
242389
242268
241600
1370921
249926
241870
245125
243027
1380399
252615
241617
246878
240276
1383690
255018
242682
243082
242689
1375070
253442
251925
241446
241449
1365851
251426
247427
241888
244045
1363065
254970
244806
242238
248721
1373780
264684
245694
245779
239013
1367003
265329
258230
253611
244088
1380063
255321
242562
249740
242744
1387819
258195
244180
245799
245837
1377999
258563
254667
245598
244506
1385523
256514
241108
243739
251149
1381034
257281
245721
242529
249522
1382482
267070
249013
246270
245784
1380801
259124
247257
252274
246160
1389345
260057
247352
241995
244621
1398451
260561
255100
246857
246518
1770617
276406
247733
250785
247165
1396544
260272
246541
250951
246932
1394832
259779
249480
246699
246080
1393121
260658
258521
248139
247335
1381334
259072
249497
247512
252735
1395013
270232
250385
247868
247437
1589943
262650
250349
247568
246536
1400598
260866
269336
249916
249480
1392738
259458
246348
247598
252707
1390791
268982
250761
248510
246836
1380036
265531
248357
255504
257313
1401866
262670
248344
255611
246465
1384035
260002
249648
249944
247588
1398518
263236
260044
252594
249017
1389585
261187
252456
260161
260969
1470318
284771
255376
258220
252429
1457098
268182
252025
252346
251610
1400676
264479
254805
251785
251687
1392435
264149
254837
250775
258020
1398959
274395
253084
251750
252056
1394832
260555
255782
260107
251119
1401894
265056
253038
252192
252857
1799656
291246
253945
246135
251206
1405077
267614
254396
261518
255384
1406693
268207
256100
256288
251269
1401601
267366
264793
255136
260095
1406302
275510
254932
252955
262838
1406699
274863
257227
262816
255168
1414701
267884
253271
259387
254191
1403102
268539
263635
255765
255657
1396985
266930
252535
254065
262329
1402610
280594
257974
256233
252953
1393935
264357
256822
260701
256534
1425513
271142
259174
256308
256336
1409128
269263
265249
255128
256208
1399982
268366
258255
257155
264436
1407825
279060
260212
269343
257455
1407511
271412
257200
263006
256960
1407484
270478
266637
258749
258621
1398992
269130
257729
258541
263770
1410820
280035
262873
259665
260164
1408662
272377
261500
279135
262823
1418301
272382
264376
260289
259368
1415475
273977
265537
257203
264064
1812609
288530
261828
261132
260538
1430404
273150
270035
270631
274439
1499378
301587
268378
266907
266780
1480466
287399
265927
264913
264071
1488538
283994
268157
259711
266474
1429715
284387
265760
263639
263036
1434421
282237
265499
270634
264098
1418414
276915
274538
263740
262602
1406925
277509
262305
261252
269608
1423012
284916
265612
265419
263823
1418048
276902
265677
271455
263678
1420524
277239
274727
266403
263595
1407880
278359
263662
263204
270408
1441630
288379
265935
272150
265522
1435739
279006
266519
279496
265742
1430410
278772
276191
264314
271680
1420141
276867
268436
266634
262970
1413097
284555
267053
272061
266103
1435846
279787
268441
266749
266476
1431276
279742
276211
266306
274460
1430061
291324
269393
267066
267800
1428520
280429
269138
276395
267792
1815312
302799
271173
268025
272552
1439969
294822
273585
276179
268854
1434206
284254
277534
268105
269245
1432254
283859
271681
267852
276983
1436970
292221
269941
276133
268987
1441177
283758
269719
269952
270406
1440499
282356
280471
269293
275740
1435764
290328
273633
267967
269065
1445148
284711
269500
270458
268088
1509346
304964
273765
271317
281175
1513697
295553
273229
278571
272997
1449638
288615
278960
269852
270947
1437934
288171
269468
270623
277313
1441107
299023
275289
279504
274843
1441713
287655
276263
273064
272535
1439894
288289
283596
274044
280300
1440136
299818
276241
273750
274164
1439448
285197
272495
278090
270353
1432133
298121
284816
274487
276257
1437473
293784
275808
273625
274552
1432677
281556
274612
279253
274467
1445300
289682
283906
275828
274643
1827350
302537
277158
305917
278487
1462355
289176
286686
274984
285094
1443865
295942
278226
276371
277695
1447598
290236
278882
282453
275008
1447062
290343
284971
326605
294578
1516138
292691
276384
275670
275492
1449440
293090
286745
278113
281829
1454394
300490
279503
276096
276063
1455812
291604
277677
276670
275319
1447717
291561
288961
277985
284783
1451648
302036
279105
279546
276998
1460974
291840
276540
278256
277680
1450733
289544
290404
278630
285963
1450586
303278
283753
284272
278140
1457915
291040
276289
280087
280093
1461822
293899
285335
293702
290812
1499794
303351
278884
286414
279068
1469867
294896
292070
279133
281797
1454023
303972
281822
277357
281067
1449883
290682
281463
285367
282122
1459520
294127
292638
282200
282511
1455136
303752
283873
282500
294127
1856257
309693
290955
281113
288401
1479783
306255
286187
290259
281876
1474663
297515
290198
283252
281872
1454678
297608
291504
283029
286542
1457264
291770
282744
289818
283307
1461149
298725
292275
283819
284082
1454452
305694
285460
284462
280338
1463129
297533
283794
283999
281035
1461258
296122
305869
288467
292333
1468404
311419
288745
292684
284062
1471716
299267
293944
282957
282300
1460751
299249
288700
285139
292669
1467312
298480
285653
289679
285029
1467171
301376
295210
286728
294050
1458033
308022
289629
286182
286164
1474834
299795
288136
290681
286520
1473553
300550
301955
285553
294533
1480680
311670
289895
296332
287266
1473102
302104
296285
287174
286708
1464661
310954
291496
287726
287780
1477741
301154
288565
288417
286853
1477838
303852
288209
283997
304965
1866577
317398
299445
289492
294438
1497831
313394
289985
287512
286868
1482078
307158
289981
289605
286795
1473616
302968
303276
290168
296365
1476076
300865
290244
296189
288695
1482649
305850
297583
289823
297094
1478487
316598
306455
306847
297174
1574816
329107
310028
296047
301071
1542554
325758
299197
309080
296195
1520611
311502
301028
293929
300685
1488219
319926
295097
300888
292997
1489219
309764
301136
293389
293285
1497806
320353
296117
294570
294353
1484150
309485
294405
295062
291230
1478314
305664
301386
292784
300870
1485047
317902
295472
303894
294307
1488959
313035
304922
296412
299121
1492787
319383
297775
302113
295859
1493481
313287
303967
295263
294378
1494511
322221
296102
294711
295348
1480299
311540
297287
297067
293564
1489162
310171
303822
294092
304291
1870707
323552
306253
297144
303008
1514810
320673
297678
304230
297768
1499442
314905
307874
296685
296748
1487069
320608
300236
299404
282646
1500613
311402
298545
300257
297640
1499378
316344
297716
300106
307257
1487009
313804
299993
303308
299159
1511319
316657
307102
298636
302860
1499257
319087
297941
305866
300417
1497147
314995
309059
313682
326165
1545413
321946
301695
307513
298971
1505121
315529
308994
300166
308027
1497826
323617
303075
307679
302244
1498610
316564
310622
303411
306739
1495411
328389
304674
308864
301066
1510901
316962
311926
314274
313118
1497866
326484
305429
309711
303447
1507393
319200
312993
304193
300950
1497974
327850
305052
303223
302446
1504088
316616
304571
304546
300537
1499956
324923
302601
319345
322330
1552883
323039
311946
305097
302634
1505073
636926
344363
310462
302579
1560202
321826
306724
319753
314161
1622112
346662
325557
309129
307493
1638822
360534
312888
315857
307798
1544531
325201
318391
309723
315534
1504868
336297
310773
314246
307408
1514677
323750
318586
309284
316008
1529647
334255
303203
317970
311838
1542374
327960
313630
307992
315484
1521616
329245
311585
315002
310052
1514560
327040
363963
343423
324816
1549081
327772
311167
315862
310292
1524237
327383
307177
308388
728812
1535086
326419
322018
313144
320314
1519945
334127
311046
318005
311056
1528906
331806
320623
313344
317486
1518642
334931
312219
319229
312349
1521112
328764
321136
312519
319886
1519812
337326
312785
323380
312121
1521300
340694
324737
311765
319799
1521493
336137
311825
318410
313444
1522470
330313
322876
314562
319862
1865156
372858
323474
315038
321074
1573683
339033
315491
321755
315138
1534225
330002
324088
315181
322177
1520168
336810
313993
319242
314314
1527419
333475
323334
314203
322242
1525663
337772
314261
320671
317856
1531569
330396
322530
314306
321039
1529780
332919
318989
318734
313484
1529311
333455
315519
315143
323512
1522365
333994
318398
313515
313828
1527033
331992
316975
316431
320701
1519024
333350
321620
319623
315912
1534147
334089
319069
315529
316223
1527660
331726
318721
321836
317260
1520896
355769
319788
317501
317984
1535901
335094
325332
317719
315939
1527795
343570
319605
324126
317348
1538402
333763
328251
319065
323420
1533824
348813
321974
324116
317962
1537141
333001
328578
318969
325282
1534859
344342
320570
327246
319781
1538274
339507
327952
319992
326080
1528814
334051
319451
326040
331027
1958588
360475
321345
327291
320258
1558229
341646
324201
321032
326033
1532223
338522
320137
327742
320034
1526046
344210
322881
321229
322167
1550139
343610
330308
323006
316396
1539152
350394
325364
330372
322339
1540882
339639
329436
323768
329754
1538707
348294
323838
330719
322971
1545926
341603
324713
322693
326329
1541709
343408
323647
330338
322533
1562447
343233
323089
324902
322665
1551738
340589
333680
323998
322946
1543844
353045
324868
332417
324349
1547665
342080
333174
324682
332555
1544047
348317
324424
341135
324299
1555922
344085
325221
325191
329055
1534994
340443
326790
330704
338083
1553860
352350
327825
329817
325708
1554418
342306
334029
327376
331776
1544644
352712
328619
330937
326685
1543291
343124
333874
325637
332260
1539162
341972
327108
325640
326644
1950042
357964
327567
324775
325461
1564073
346122
331223
323964
330155
1557777
347647
338605
329418
334410
1550392
355147
340687
337654
327156
1557952
348274
338048
327454
335472
1559946
348750
331926
335730
329108
1554346
353107
332340
330929
327043
1558701
347675
338381
330298
337667
1561464
357856
331057
338467
329255
1559252
347572
338176
329739
334676
1556772
348785
328954
333297
330145
1551342
356024
331809
335968
330919
1563805
348988
341115
331748
337128
1560468
357543
332543
337605
330292
1563409
351070
334337
332285
324317
1564173
351093
338377
333222
331055
1553755
361148
335838
339995
333247
1558658
350048
341539
332350
338329
1561379
355837
333720
339110
330746
1564242
359976
335884
339165
330970
1562128
352662
354255
332724
338709
1564251
359046
334290
340008
333097
1945348
372021
332911
340003
333968
1596918
353784
333866
331839
337091
1577005
353236
343691
334332
342406
1564928
364118
337632
341248
335675
1570443
354704
336114
335164
331453
1573319
354817
344571
335831
341032
1577005
363734
336392
344565
336597
1588023
360151
340874
336041
340704
1569581
355544
345314
336672
334455
1565785
364117
338342
345139
336910
1578176
357097
345039
335182
342275
1580799
357415
336657
337950
334941
1574645
366992
338883
344994
337652
1571317
357021
346480
339541
345956
1572395
357563
338161
341186
336963
1577557
367506
342017
349364
340719
1578522
357531
347362
338394
345685
1575415
359936
337254
338507
336968
1578562
367884
339396
345918
339108
1574257
359523
348991
340421
346117
1575028
363061
340188
340506
340343
1581458
368901
342676
347570
339697
1584099
360274
346480
339636
345155
1989903
375159
345864
340779
339875
1628306
366714
353165
342052
347522
1592837
362815
341310
342724
339789
1609329
373852
343455
349587
342158
1588171
363156
351494
340098
349481
1586765
364298
340995
346871
342040
1585715
372935
345308
349609
343150
1591503
363938
343716
341228
347871
1586518
362622
354433
343443
344600
1589309
375353
346565
364885
345091
1592376
362619
346480
343585
350374
1598297
364107
354784
344327
353295
1590078
364496
345951
348149
341804
1583453
375133
348374
351712
347362
1597239
365413
353566
343360
349808
1584267
364759
345901
345009
343065
1582942
374306
346713
353810
345330
1590782
367530
365982
347149
344545
1595197
369477
356343
345617
354049
1592987
373206
348336
352459
344600
1588128
373720
349642
354386
346522
1602559
369583
356588
348880
354110
2012377
383002
350268
346237
346743
1622636
369440
356396
348717
353881
1608340
368313
349301
349303
345986
1588224
378233
350346
354744
350283
1600316
367774
348467
358869
348143
1612119
373016
357445
349692
355654
1603767
377962
349730
355521
349306
1605015
377827
352984
357016
350547
1607693
370114
357347
349517
355082
1614483
372446
359994
350006
357302
1603078
379972
355155
356426
350216
1605787
379759
353368
360133
351975
1605413
371146
360068
352283
358031
1612351
386151
362917
351867
359106
1609658
381497
353832
357540
349567
1599745
381239
354754
359119
352464
1606956
372108
359628
353060
358081
1616464
374287
359608
354485
358768
1612870
382207
354601
360742
351757
1614048
381942
354341
358324
354200
1609755
377617
353311
353018
358623
1616120
374727
365121
354436
365606
2015710
386344
363707
355721
362326
1630498
377626
363631
356002
362369
1622344
374950
355390
358207
352654
1609620
384073
