347745
209904
199849
1385511
193922
188142
184846
185962
1267177
193834
186327
171731
197919
1245971
200437
186793
182498
178808
1246953
191352
194273
186653
173864
1243405
194153
187876
188129
190587
1242150
191066
182273
188378
187833
1241804
188337
200230
196841
182443
1246680
199686
188467
189623
174382
1247294
194639
185686
192865
189244
1246052
191159
184243
188826
193873
1242906
195309
195829
186004
187586
1639904
216427
196501
187227
185989
1254501
195634
189583
187558
188056
1252880
197175
190211
188194
187570
1250203
194777
189477
196213
187986
1259831
191532
190452
189487
222866
1249016
197009
195063
189174
189287
1244162
197704
189384
189477
190718
1250479
195919
191354
187360
188092
1255438
199313
190682
197431
189147
1245691
202512
191480
190748
194632
1250048
200708
193537
190344
186330
1254596
199314
190444
190093
190831
1252591
198305
218113
190314
191577
1279232
199656
192564
197658
192507
1250103
205439
192311
192597
197654
1255911
199358
198726
193016
192016
1279686
202176
192076
194631
192259
1258925
201635
195368
193757
194195
1264989
203086
196636
202264
193702
1249925
210144
196473
194476
205368
1257605
201986
203076
194968
191655
1282665
186383
199608
200981
194383
1639093
201662
192725
201815
196022
1272020
201312
196688
194419
195784
1265371
187648
198618
249470
196401
1268886
190878
196714
195573
194368
1258600
190700
197168
205045
224267
1345981
192348
204582
198345
197205
1271690
191910
197598
200685
196774
1268440
196830
200528
201658
198766
1267476
192897
201996
199105
196995
1272590
208112
199145
198052
199225
1267062
191589
200023
200079
198656
1269334
190124
200858
199508
199465
1272569
195190
200713
200488
210012
1268420
193547
202168
199513
199327
1275511
194957
201728
207005
197215
1270329
201582
194311
199482
206827
1281921
198545
208827
200841
200074
1270708
190555
192815
208772
201715
1276458
203187
201425
200395
204830
1267991
193990
208248
201457
201612
1273512
194847
203351
207281
197656
1276430
200282
204460
201788
207343
1645495
214246
204279
196677
207112
1278753
195784
211590
202472
202544
1279496
196490
196466
223045
206083
1277097
201810
205056
202201
208095
1277683
194006
211648
203266
202026
1279275
197335
204655
196052
203134
1276411
206369
205171
203203
211413
1279406
197967
213522
204577
201380
1275426
198006
204624
211841
203933
1278551
205712
206082
204540
210807
1277017
199663
213568
204459
204930
1280603
202923
208396
210528
205890
1276374
206288
207346
206140
211944
1299231
201723
214319
204627
206341
1311597
204246
208726
222054
205937
1293823
200673
207593
206897
207110
1304112
216787
208616
206640
208608
1300907
204732
218538
207007
202059
1293169
201786
208837
213615
205561
1284164
209603
208478
219223
212838
1294663
202344
216993
208573
207559
1286717
202871
212796
214096
209115
1662541
227780
210026
206484
209037
1304460
310445
210937
214513
209716
1291438
211660
211613
210836
217599
1287832
204030
217574
209521
209200
1295816
203594
210916
216960
210493
1289979
202382
212214
210320
216607
1294538
216737
215294
202698
200437
1289070
205424
212492
210879
210343
1291664
208052
212590
215825
209290
1290353
221263
213695
210623
218020
1299326
208040
235956
214836
212054
1308878
209606
213498
217562
211410
1298266
208952
214329
213936
213134
1296705
211167
213848
213522
203126
1294620
206446
219513
212550
214232
1294031
208481
214953
220050
212748
1299501
214806
215569
213375
219707
1295400
208541
218216
212929
215627
1297780
214612
213472
213400
213573
1304220
208483
215607
219586
214717
1292300
216018
215973
214031
220233
1302040
209105
224219
214893
213522
1651642
232035
217090
211111
214354
1324271
223074
223929
216033
215925
1303821
211059
217975
222540
215632
1305129
217123
216532
215840
222711
1306592
211473
216861
215212
215334
1307683
210606
223675
217427
216364
1309379
212202
217707
230489
218571
1310834
218388
219343
214963
223317
1307706
219807
217695
217862
216907
1309208
224845
225580
217920
230005
1318447
224711
216078
224187
218602
1314305
215011
217918
218576
218744
1311379
231686
219511
218361
217010
1309885
224655
227910
220143
219473
1311787
226868
220839
225636
218880
1309467
226886
223057
218612
219048
1313238
222593
220729
220461
224730
1309653
214584
229180
220682
219696
1311221
216086
225445
220461
218674
1319999
215466
221222
225302
221174
1311684
222724
221994
220493
228785
1307447
215803
221596
222205
222012
1662357
252835
222233
222586
227324
1332314
223097
231661
222318
221919
1327019
217715
222746
237294
222693
1333389
215410
223352
228993
222583
1317663
216186
225009
222999
235300
1322118
223953
224866
222984
229289
1317581
219586
230036
224029
223641
1320004
220786
224052
222666
223532
1325188
231716
225299
230153
222736
1316347
225753
224971
224109
228560
1329192
219537
224803
224859
229915
1329868
219897
234322
224861
222934
1324308
220328
225575
224595
224816
1328202
234816
237247
233959
224878
1318294
226632
225615
225973
227084
1327529
228760
227668
224993
231499
1321510
220581
236397
225445
226915
1328570
222659
228654
226715
227238
1337786
222212
228988
231739
226693
1324158
228074
229456
227707
227875
1328515
230482
245153
229699
234312
1332311
222867
230319
227916
227164
1333186
235553
236906
228294
228051
1714907
246413
230804
229614
228554
1340861
237034
237532
228835
228384
1338265
238068
230526
228980
229426
1335657
239417
229787
235891
229813
1334316
236324
230381
230862
230319
1338361
245471
231070
229126
234691
1527564
247631
229940
232043
235165
1335171
236715
242050
231215
235037
1332652
238788
239369
230634
230873
1339474
237523
237610
230130
231531
1333069
238989
232433
237317
231504
1337258
236971
233523
237312
232333
1337175
247285
231664
231962
237300
1360057
247591
235159
232707
250756
1348348
241271
235167
356615
373507
2116596
399033
355899
363576
243574
1460169
250122
223843
242441
234864
1359143
241905
229765
237159
233651
1344553
237322
234904
233195
238836
1349526
236079
235047
234388
240477
1345602
237913
243091
235375
235452
1349428
242795
246152
234791
235150
1749171
262805
223951
230020
240098
1354287
244882
237638
235430
236457
1355294
246661
246501
240765
236631
1357830
246473
243641
235638
237493
1348567
246465
239262
237031
235974
1353289
246392
239031
246668
236923
1351571
249565
239148
235084
236951
1349260
255596
238199
237637
240865
1345841
253021
239126
237242
242414
1350686
245358
237477
236693
237540
1350781
248888
245919
239016
238449
1365017
246193
246834
239472
239688
1353793
245353
240113
240437
239119
1356409
247781
227153
246721
240008
1353503
246794
229228
246681
239400
1351300
257085
228807
240755
239544
1360962
246769
241925
241591
249953
1358036
255799
229521
242744
246022
1352009
249465
234440
240672
240873
1351921
250841
237612
254309
244378
1361671
250590
250820
241604
241669
1361365
250941
242927
243148
241634
1757126
261094
243246
242790
244366
1375871
253090
238347
243431
272212
1492637
301010
267193
251973
258050
1476575
284194
248398
246458
245023
1424340
281596
261409
254925
241404
1396995
261455
245531
243353
243928
1366029
265384
243493
244461
250349
1373155
267456
244340
243501
248713
1369785
255526
248510
244656
249743
1365786
254339
236608
246042
243912
1376395
256418
253219
244809
245120
1356066
258355
253581
244433
245548
1370526
257954
251970
243473
244396
1392246
258207
255281
246401
246365
1373082
258115
246970
261548
247164
1375816
260442
249219
254579
247047
1377971
259638
248187
251029
248184
1371459
259996
248981
256108
246623
1359549
256197
237006
265795
248478
1367289
267110
249074
247706
248330
1373674
265344
248866
247516
234611
1380530
267651
250435
247928
254088
1753881
273270
249375
255449
247197
1392089
271688
255343
255952
248756
1389896
263878
251089
257007
247137
1378578
260916
251662
256541
249728
1375708
252902
253777
254875
251202
1379903
267112
250274
251069
252347
1373696
271162
253615
251835
254992
1381053
271793
251204
253592
237916
1383489
268894
250320
250733
256641
2176268
437872
380412
275713
257909
1480106
271147
253432
260506
252714
1399225
267186
254043
258832
252497
1388866
266695
255704
259436
252529
1387574
263552
254023
258533
253026
1380542
264883
254752
259857
252647
1384742
260906
256441
259260
253512
1397682
273457
256396
254183
257651
1386851
270967
257493
254696
254757
1385885
286392
256396
255349
254078
1387846
274658
256148
255348
254469
1388999
276876
258180
255737
256201
1392565
274944
256947
256353
242928
1775799
278218
259077
256594
255802
1396233
270282
258991
261342
257628
1392593
270092
257961
243854
257082
1397383
267220
257178
245994
258426
1400157
269028
258942
300281
284555
1446389
271375
258776
257092
262863
1397314
271453
253922
257885
252597
1424866
286370
261420
259322
262850
1404094
278459
260187
259501
263372
1398666
277765
260673
259160
254198
1396108
277116
259234
259260
263470
1400462
278271
259648
259791
265459
1395476
288892
282421
277622
277061
1456850
293120
283862
280829
276911
1455907
293358
280360
278449
284125
1448753
302602
285643
298527
281235
1494424
292228
280380
280048
278083
1449691
291210
275838
276778
284111
1444616
303962
279594
286650
275434
1456078
293786
280511
278935
276585
1456554
293859
279153
278640
283382
1444897
300943
281581
287710
289163
1837035
312900
284841
280534
285623
1460190
293383
280225
284362
276274
1444525
291759
288148
282208
275798
1441791
297235
279238
278854
286444
1443813
290326
281220
286675
279000
1443780
295948
289760
280661
275650
1442138
295508
283776
282986
288294
1452480
299665
287071
290316
282936
1457356
298224
304646
284234
287655
1449262
305544
285057
284528
281345
1451014
299464
283253
279947
279757
1454805
298651
293175
283849
292218
1458033
307027
284262
283415
284375
1457717
296392
286257
284450
283626
1458935
299014
280784
282778
290948
1458744
307387
285135
290674
285047
1462490
301715
294932
284628
283483
1461297
301068
285916
281503
290266
1455942
296982
285520
288837
285387
1462249
300589
294024
285693
291092
1457498
311084
288534
287106
286073
1470348
301502
285896
284806
295302
1855377
323204
287720
294393
286750
1495090
304125
299943
287377
293288
1462841
309232
289725
287865
286823
1471413
327439
294237
280083
276174
1544479
292346
283350
275474
272703
1446348
289160
276973
275196
280368
1431602
292313
439593
457662
427997
2312773
439623
432495
447790
421828
2223504
434324
422309
410931
424228
1863938
311554
286387
273367
272653
1468321
373908
284227
279492
282598
1528151
301936
277712
282135
274404
1479748
294288
274843
280538
273067
1430797
303591
274896
274986
273575
1437746
290296
281496
275076
275702
1440653
287379
285099
276896
275149
1421499
290149
284801
276572
279962
1431967
288071
278863
277010
281834
1429700
292404
276547
275757
279401
1431572
296623
278261
276644
280376
1435596
295939
279732
286237
277015
1447418
291326
277868
284325
277955
1814613
286267
284876
277951
283911
1465508
301329
279126
278549
282378
1438789
300500
282563
278609
282558
1432900
298172
280484
283653
263196
1434326
293380
280867
286350
279679
1442194
292962
280315
286785
279867
1451612
294400
288642
281862
280501
1455820
292759
289161
279864
280092
1437518
293035
289314
280090
287374
1436967
291882
283982
296360
305757
1495020
303589
282132
285826
280800
1446226
294395
283237
288056
280885
1447761
294824
282992
288031
283408
1441705
295924
289065
281769
280641
1473528
297603
292068
285059
290213
1462548
302071
284595
296247
293737
1454562
304072
284107
283458
283400
1448485
300745
285287
290737
283826
1462758
298770
285450
289416
284500
1447927
297808
291168
284340
283601
1449753
300018
295866
455024
419523
1562307
307039
287645
301627
284908
1477131
622846
327707
286793
317024
1525314
291908
288337
305073
300487
2411450
437025
310570
292178
287091
1634758
345002
295428
287640
294052
1509160
298497
290273
294588
287988
1472565
290063
290689
295237
288174
1461922
289208
297136
291318
289521
1498972
303391
313005
286033
336124
1525851
314090
285355
278521
282134
1469376
297277
292318
297399
290622
1464372
292493
323530
477886
308129
1548525
297131
294345
292058
298247
1475210
302504
295400
290541
702076
1487901
293083
300005
291324
290013
1461272
291356
295207
293316
297194
1471917
299901
295167
291945
293155
1463007
292383
294549
299332
292213
1468722
292829
294037
294651
293128
1465653
293939
300572
292762
294177
1467361
306804
300823
293701
298608
1466099
302920
295385
293606
295024
1468071
293525
296780
299096
293804
1800105
333693
305050
294513
300519
1544055
305401
298630
295255
293699
1471603
294804
297012
301838
294313
1473468
295928
298191
296066
295646
1475292
294280
307591
297380
296252
1470233
295676
298299
297362
305754
1474728
303854
298650
302842
296978
1480354
312459
298798
303416
295995
1482984
298265
305935
297820
297197
1477517
295972
306506
297267
302570
1473959
303830
298620
298628
301066
1466584
304253
299698
304666
297523
1481141
297097
299156
300938
297141
1476315
293896
307160
299725
299399
1476856
308954
300592
297786
304791
1478028
325339
303246
301504
298635
1492389
314913
300730
318801
299842
1485881
295190
307089
300547
300832
1484596
301808
304859
300374
305085
1483643
307994
300827
301143
311853
1483338
317190
300384
308482
302093
1489380
303978
309215
301768
301096
1485511
302837
309831
301407
319019
1925157
329970
305772
301317
300915
1499297
319067
311099
302386
306653
1477600
309119
303669
302707
307495
1483865
302038
303800
308648
301529
1492188
304185
304399
302772
295972
1489475
303857
309701
302156
307864
1478853
310813
305622
304190
308871
1482709
311610
304784
310179
303033
1491795
304587
309114
304755
304967
1515392
306002
312530
305032
311169
1493491
313279
306373
305453
304909
1490745
306541
306919
309542
304832
1497816
306631
313950
306568
304789
1490151
305386
312848
305303
310830
1491073
311382
306984
305666
305378
1481075
305428
308410
325324
307398
1505235
307949
315151
306583
318834
1492401
308400
308837
305804
310961
1493779
317175
309127
313018
307219
1497232
309182
308237
308570
306814
1493898
307799
315246
309147
312625
1492118
317107
310448
306706
308789
1890122
329867
317170
308801
307269
1506140
319648
309354
308954
314414
1514197
318163
311918
315918
308846
1506484
311113
327792
313328
308167
1498851
313093
311109
309518
314947
1582097
343553
310362
317561
307756
1554672
331285
316231
310593
296134
1503906
325246
310865
309665
316824
1508742
331250
312645
331575
310961
1519429
325299
317754
311813
309991
1512447
325525
310798
310954
316528
1504539
331891
313248
317351
310968
1511279
326885
313279
310469
310809
1504697
326139
319480
311550
316942
1502964
333896
313737
313930
312850
1509608
327501
313086
317656
312171
1500612
324770
320726
311835
313306
1521543
336014
316418
313650
314732
1506243
330914
314384
317599
312299
1504792
325662
315364
315389
312570
1508461
337311
328100
314514
320071
1507103
320663
316679
320457
313282
1893740
346419
306681
315950
323392
1535881
331440
316987
335184
316463
1522861
330578
324886
317451
319721
1515615
339128
318774
316294
316323
1517324
334996
320280
321072
316003
1511295
329418
324322
318035
320874
1512773
336969
318263
316967
317975
1523932
341155
321149
323515
316908
1515521
329395
324655
317389
323003
1513083
338762
319228
317779
316168
1538447
333187
321062
318481
316557
1518905
336284
325208
318518
323247
1517086
326917
320849
323873
317772
1527133
321695
317847
320485
319601
1520255
321543
326464
319112
325011
1521924
329897
320833
330027
319287
1531278
322264
327000
322472
320448
1534709
322404
322638
320335
324354
1518195
327225
323003
326820
320836
1525294
320928
328474
320909
319974
1523881
343214
324109
322236
326842
1523333
336725
322455
327449
322362
1522345
335427
328736
321548
326264
1941739
347395
312667
322054
321415
1553063
340692
325988
322337
341882
1540956
333115
323660
328356
321227
1530652
336372
330761
323342
329674
1531795
347199
325093
323352
322590
1537304
339669
324359
324795
322731
1529980
338660
332636
325314
330583
1535561
344947
324018
329706
323979
1554677
343964
333527
325545
324213
1536952
349569
328529
335850
329568
1527901
340411
326491
332876
326937
1542043
343924
334037
325008
332578
1536963
344745
326925
332435
326564
1543609
341080
333766
325823
326378
1529960
345282
328869
327261
331912
1532095
343025
329281
332711
326559
1535187
341689
347683
326968
333180
1547337
351028
328038
333740
329035
1543747
347420
322167
327607
327642
1540494
349589
315812
327667
322174
1534024
345350
319117
333588
327436
1543959
346327
325825
328366
333488
1946796
356646
338056
331175
328636
1559839
355155
319826
334106
328687
1555133
345843
317721
328649
327151
1549427
346385
319861
330308
334896
1540151
348259
330090
347698
329618
1552391
345841
336845
329980
335856
1546393
354729
319565
336667
330260
1552198
346640
326489
330098
330764
1542867
356588
321355
331122
331059
1567233
350492
321781
331761
331042
1554401
350752
332964
331781
337071
1549680
356893
332761
325108
331077
1553151
349873
339211
320243
337462
1557546
368721
336918
327331
334495
1550931
349808
339329
321117
338354
1562272
371189
336743
327674
334475
1564853
350752
341278
322924
333435
1551851
358879
335335
322595
335404
1560458
352180
334956
322365
333066
1556844
350058
335648
321505
339692
1552377
353501
336870
340198
336442
1558465
347505
327283
336234
344182
1952828
361221
342460
333001
340150
1560537
378937
337920
342932
347284
1584039
355150
344132
334620
328492
1565641
361675
