351709
210821
264271
1491143
225400
189675
187876
194113
1286484
199588
184378
262404
206461
1348822
200437
189838
172353
188413
1275923
193258
188595
186164
183642
1264802
195418
196748
185556
175205
1264243
197686
188635
194132
187868
1266511
199377
202717
192605
185295
1267773
197774
189875
192815
176367
1258635
195569
189933
205118
185170
1274476
195772
172619
191299
189675
1268087
197495
190131
194968
188192
1645638
203976
191820
196992
189602
1257147
223057
192118
189565
195694
1256999
198686
198295
190381
190104
1258169
194754
189673
189705
189557
1275957
201011
192955
191788
207108
1251266
198533
190913
191302
189339
1252323
195992
192095
190181
195043
1260777
198986
197909
192459
191046
1267290
200660
193158
196380
192079
1261719
190106
193266
192288
196298
1264721
201083
189593
192141
188309
1267573
201224
194113
192812
197791
1267280
201415
220704
190024
192236
1265656
200249
192910
187533
192669
1259866
195907
194122
193872
199425
1265900
200335
221836
238435
244929
1460034
245295
227171
213102
194636
1307725
206012
197421
201665
195158
1283369
212249
197441
194719
188796
1274141
201214
202432
197636
201302
1287148
220997
197110
203018
192860
1297509
208736
199841
196499
209163
1656553
221313
194121
196789
190740
1287320
209064
206666
197401
197362
1284326
199675
196977
256000
186413
1277353
213156
194704
197235
204023
1276140
204880
206208
213853
208325
1337155
206847
198132
192557
197646
1284777
192041
200766
195088
206035
1280427
206646
196596
203717
198115
1280370
207090
200627
205649
200874
1273810
203322
200926
201322
205720
1270482
207208
207689
199195
187961
1291784
205489
200776
207055
189099
1276984
204526
201705
200628
206388
1283510
211069
209270
201986
200041
1288263
209368
200585
207353
185465
1283795
215061
206474
202605
209260
1299924
214580
189921
202372
200522
1313167
207138
203961
201941
201209
1281841
210944
202990
202189
202487
1274088
209590
204045
202598
201605
1278912
209934
203396
202299
197215
1272452
213317
204297
204056
218414
1653005
224701
205732
207045
202319
1309294
221009
204903
201996
208939
1274968
211535
207591
215069
206461
1297156
214968
204474
208428
204469
1280666
216858
205028
205519
211461
1291987
212944
211365
206882
203570
1299021
212991
205489
200184
204818
1292513
218215
206714
193963
207795
1293936
244513
209323
206045
204339
1312847
215294
214512
207388
204038
1305505
211843
207603
199445
208433
1297757
212187
208974
209175
214187
1299582
203301
215344
207391
207336
1297389
215925
208496
214209
207897
1301278
202710
208455
207290
213279
1292087
202304
208243
207794
206467
1312544
216479
208483
209458
210155
1309928
214176
197969
212989
204434
1298158
224094
209393
208103
215472
1297783
214688
218940
218817
208075
1302037
216258
211054
216419
210169
1298907
211405
210400
209440
211684
1677539
232719
211199
211473
212640
1311283
323044
200154
210854
215615
1302563
216597
215930
210215
210222
1309708
218877
212871
211949
209623
1309113
217880
362469
225731
211049
1328252
219847
212568
211234
202803
1304604
234418
217416
201743
204105
1301830
216609
221433
212931
212294
1300516
219491
213545
218311
212903
1300466
206940
230354
214758
217734
1308134
220601
202708
212861
213207
1301975
219844
206456
214262
213580
1317919
221288
202084
219208
213773
1299569
228833
215404
213187
207299
1305295
221105
215945
214993
218393
1308945
220122
216639
215657
214512
1308748
221075
215624
221538
214367
1308632
229905
216033
214047
221942
1311255
226613
216547
214901
216487
1308252
225771
220058
215259
214567
1312639
221739
204369
223929
215500
1306663
230704
203419
215399
221265
1664298
232644
215311
204188
216101
1335384
243552
206641
217038
223994
1310855
222706
213182
217035
217739
1321805
225400
208165
216404
219220
1321644
222293
206278
223663
218969
1308118
233135
209022
219394
224235
1318395
225648
206120
218479
219072
1311601
224159
211310
218261
218887
1318387
220809
207756
225575
219834
1308543
214324
218697
219824
235357
1317082
231897
214294
208085
223851
1314654
228145
230088
220333
208178
1311810
226763
219870
213222
220233
1317653
227385
219428
219769
219727
1318495
235055
221405
220283
213372
1317132
228346
217309
221877
221318
1320417
230717
226665
223779
221203
1325757
230105
222428
229779
209017
1314631
217396
227354
222066
227662
1321943
235460
224368
222401
217118
1317914
228624
231319
223470
210673
1325821
230512
222488
223267
211232
1685915
240226
231654
223282
211184
1349388
245401
224495
224655
212252
1343239
232163
223541
229614
212277
1321767
226414
227568
224713
227076
1331499
238051
225463
223883
230494
1327654
233292
233160
211793
223496
1331735
269779
267521
258085
258969
1368161
253612
235645
224512
223558
1358897
237300
215374
231852
212771
1332407
235074
226314
225638
225738
1332975
244261
225570
225404
233375
1326952
233859
226863
226647
215354
1332026
234450
234400
226317
215810
1329521
233145
238174
238908
226224
1342066
234317
226593
233701
226730
1329255
234440
229993
227961
228813
1333390
243924
224778
227091
233172
1314478
235808
225813
228076
228376
1336802
236686
235723
227943
227557
1335680
239617
230203
221909
230419
1339555
239710
231820
235045
227885
1330345
246741
230937
229574
222944
1338764
243716
229071
229193
235430
1707953
238422
233105
232078
242755
1347236
246315
231905
230426
236705
1341743
240477
231731
230005
235443
1324276
240910
240474
230140
230434
1330648
239960
237560
232345
231313
1340571
240028
232315
238334
232386
1537305
243621
233501
219779
232673
1348974
242569
245466
238490
232704
1339841
232238
232521
230907
244626
1338113
249074
233371
231889
238562
1338829
240640
232471
234082
230208
1339980
240547
240485
233115
232028
1343547
243915
240707
233335
233262
1360471
242504
246683
230690
234508
1371018
243433
234037
373853
364852
2132883
399283
368615
361863
254621
1447619
253364
238700
236267
229121
1364721
246476
251943
235177
234608
1352814
245884
245192
233411
235879
1358331
233242
237107
236097
234212
1361431
227845
236390
242799
238172
1357447
232258
239364
243153
237743
1748875
255807
242930
230968
237294
1362955
232784
238044
236858
235861
1361564
234352
238477
246799
236585
1351378
234060
239527
243301
238710
1353433
241857
239419
238725
237189
1357341
240719
239344
239552
244782
1354239
235016
240883
238960
245485
1361320
234004
247535
239935
239958
1380826
239355
249625
239397
240546
1370397
235565
248034
241850
239249
1361662
237708
242301
240436
240748
1375275
248596
243010
247117
241744
1369111
249202
243203
247954
242226
1366537
253775
243646
249352
241253
1379017
254494
244554
242256
243426
1357948
258150
244375
243413
243108
1363593
259523
245624
244135
248071
1365503
257731
245233
243484
247922
1361982
251244
244669
243151
242829
1361196
251319
250099
255258
245984
1364753
254259
253554
243975
242424
1379083
251391
252973
245520
244105
1759066
270520
235046
245368
251460
1373140
252527
244954
247954
268336
1460964
290126
255196
251186
255464
1485190
287312
239622
242438
238112
1419817
276076
250359
248057
244897
1411281
249006
247681
247304
246518
1371389
253782
248475
247169
248520
1376684
250439
248327
248801
254457
1369489
251688
249881
249002
254013
1374015
250968
249102
247964
253855
1374338
245162
249878
249813
253559
1371760
243647
255060
247538
247621
1370690
242970
256572
250873
249004
1376481
243626
256684
249400
248272
1379319
243860
257894
263013
249385
1383180
246170
258208
249570
248748
1378272
246333
256498
250763
249242
1374398
244897
251758
249583
249996
1371196
261171
251355
258641
252071
1377886
244443
251279
257872
250560
1405505
247926
253161
258431
251387
1390069
246162
252740
257703
250780
1762296
269621
259563
252908
252091
1392557
259405
260477
253038
251555
1383394
248888
260370
253567
254351
1388753
262918
260921
252885
252462
1382737
263289
255363
253294
253705
1385890
262946
253572
252597
254073
1379508
261953
254697
253883
254032
1384714
263455
255563
233832
251598
1387954
260843
254942
261345
253133
2154024
429328
384658
256712
259778
1492927
269742
265399
257546
254770
1412541
267005
265592
255606
254549
1399383
277444
264302
257733
257390
1400974
263750
264224
255436
255617
1409990
269686
264946
257295
256374
1401953
268508
264678
255924
256516
1464124
272916
258787
258122
263572
1409150
267191
259568
258252
263484
1392655
280586
261495
258756
265957
1402317
267589
260502
257373
263750
1396266
274813
261588
257666
265236
1401718
273713
261450
259037
265602
1781013
278389
261174
267123
259170
1418507
269729
261016
266211
259395
1409138
272846
248107
265569
259269
1404843
270117
249249
266664
258230
1409787
269175
247353
293977
276141
1449911
265755
265491
260399
264351
1398912
268673
262330
261540
265743
1402698
268493
262748
260756
267135
1400147
271644
280242
261355
268416
1412097
271245
264126
261230
266268
1403339
277125
262565
261853
266790
1408521
277712
264329
262888
265745
1403409
279229
264394
263931
268050
1402535
278231
268704
262038
270350
1405234
278095
259310
264667
262242
1405469
278749
273257
279722
262572
1454988
270927
253712
269094
265023
1409031
274048
265148
270808
265993
1411335
274440
251061
270937
265805
1413628
274615
254309
270683
265284
1417938
276163
255476
270781
265379
1419401
274617
255396
265645
276837
1797181
286490
269556
268113
273763
1425658
284355
265497
266669
272365
1416602
284871
268365
267586
289384
1424896
283287
267804
267508
267165
1413779
283964
268298
268003
267887
1407680
267914
269801
274805
266820
1412090
273981
266622
275687
268288
1416029
280270
269769
273898
266667
1418660
278817
280974
280421
256739
1424961
278010
269065
267133
256641
1432446
279697
270405
271813
268869
1418392
278098
277569
270030
257070
1416716
278497
277291
269383
256917
1421571
278393
276873
269921
256654
1416099
281842
278439
271619
268456
1416287
281571
271515
268760
276687
1409474
279985
271503
270257
276813
1408235
288624
270902
269494
277078
1402804
288790
273132
271710
264070
1437824
291885
272144
270736
258253
1418539
283425
273031
278486
260958
1422012
282599
273606
403767
289442
1859243
303221
275193
273202
272397
1455412
282686
274630
278526
271736
1425927
286464
273791
280468
268844
1420910
283360
286330
267795
273663
1429966
285047
274405
272092
263460
1432123
281020
280183
275083
261758
1430903
286089
306912
291812
284854
1528504
323665
289479
287527
282070
1498097
302130
282303
285938
267609
1516138
313174
282701
276780
277447
1444707
287934
285630
276362
277497
1436827
289684
272974
279045
282646
1431071
295568
279636
277095
283172
1444735
297334
279640
277291
282513
1420915
298322
279471
284582
278251
1438408
292155
279017
283070
277976
1437076
321984
319721
290737
276299
1445449
322778
299838
275883
283738
1452176
291529
281213
278421
284738
1439941
301231
281225
279078
273139
1441284
300575
280990
287768
278531
1436962
292256
279125
286001
279765
1802783
302271
277336
280861
285785
1468296
301354
281682
280794
285382
1447353
302341
280612
278309
280541
1440527
280521
283826
284590
280950
1454073
295778
281546
287878
280376
1455362
295802
286422
282278
281265
1448931
292293
290386
311519
284199
1467730
298870
283553
284089
288827
1443710
306456
286470
282395
274247
1448583
302767
284430
438145
360737
1549578
303186
292561
284724
283598
1460849
295576
285171
283568
288316
1457195
303800
286014
284583
271435
1456030
292278
288013
290724
284823
1451350
299908
285189
292003
283996
1459613
297893
286404
296981
287876
1457334
294751
294060
285648
284731
1451390
300704
287234
287497
293919
1460575
307769
287593
287149
275168
1465620
288279
289094
293859
286785
1498796
302827
287974
304919
314514
1519741
303239
296525
288509
292331
1482126
309996
592324
327731
286881
1519027
301735
299520
460544
478618
2157690
344060
293429
291093
312708
2380125
472983
307437
302778
292513
1551106
310051
300391
290807
290635
1479319
306668
299106
291469
298107
1466249
312174
294526
292356
297573
1487388
301096
268115
298994
289722
1484273
306550
290995
286472
291983
1464836
304015
299645
294333
280343
1464935
302915
336529
323522
294441
1505509
316180
296234
293183
282969
1472441
306401
295249
299625
689995
1480832
306930
294802
293145
298918
1458579
311981
295148
294516
294558
1493727
306323
294263
301116
293906
1464770
305932
295468
293972
294756
1457855
306054
301584
295323
294982
1460100
308851
296410
295806
300459
1449207
327434
300825
301990
294530
1463089
310104
297748
304183
294416
1463625
309385
305909
295939
296588
1481985
623606
339885
297626
295608
1524024
312116
297393
287419
300073
1482454
309246
306149
298189
296277
1463032
309252
297154
296242
305794
1469646
317380
298983
297929
296147
1458917
311500
300337
303363
301479
1470616
309715
299678
300113
297512
1470534
308773
307528
297275
305671
1460874
322427
299374
297686
293025
1481203
305511
301226
308104
298144
1471300
311485
299623
300475
299399
1475620
313470
306727
300108
299999
1463518
310761
301687
300747
307192
1470090
321347
300684
305308
301915
1477350
325604
301678
307273
301434
1470170
315053
309540
301762
299918
1467404
312680
304939
302574
306362
1485047
323675
302271
300647
302970
1478487
316403
301945
309841
303544
1471426
314685
311439
304301
302409
1489978
317967
305576
302965
309783
1485396
324938
304869
302687
304101
1484065
315055
302822
307070
314369
1903903
339393
304459
321485
305245
1505717
323312
304849
309691
302988
1499854
320350
311402
305135
304223
1471804
320110
307293
304546
311705
1494290
326719
303742
306027
300750
1500458
319290
308894
312247
306480
1494543
320986
310848
304436
307157
1489249
317120
307553
305742
311625
1490006
327153
309305
313120
307353
1503009
321145
308407
306947
306703
1500274
321721
316919
306544
314063
1495155
330591
309991
303599
310543
1491063
320879
307816
314194
307548
1493140
321452
314491
307478
308583
1477011
319664
311532
309533
315832
1502573
329591
309813
314699
309054
1535035
324131
310813
309047
320628
1507611
323419
318438
325148
318285
1511553
331362
310853
311550
309072
1507591
324154
310181
304962
309964
1498069
323445
320548
310846
311951
1498703
333285
314056
309603
298485
1900715
333957
318272
312098
314639
1512242
333370
313276
310980
316922
1505008
325233
312254
316552
311755
1502490
326918
332616
313976
309866
1497220
361808
319863
312149
323023
1524305
335324
313074
317088
313938
1509846
326612
320563
311432
313858
1503379
330851
315895
314258
319962
1510203
324913
314920
320929
312845
1542334
330228
321638
315423
311978
1505346
328531
316035
315050
320084
1506922
337086
315356
321715
313507
1520258
327521
322841
315293
315817
1496095
327960
317027
315001
320124
1511758
336911
316058
321439
315889
1520495
329135
321710
316241
313725
1501687
329559
315574
317175
309184
1536577
339283
317183
321620
316882
1519173
329413
322543
315975
315576
1499170
330563
318724
316183
323347
1512307
340426
329746
311292
316075
1524330
318729
325935
318022
317836
1881737
329561
317842
325001
319157
1540708
318478
326053
320162
341453
1531884
329067
320478
318716
319350
1526728
319510
320362
318625
321200
1520458
316707
328155
319463
324843
1513738
327619
322650
323721
317972
1520917
318320
319198
318854
319102
1536009
323252
327249
320443
329237
1523184
328218
322870
327860
321383
1537575
322565
328854
322981
320851
1525697
321164
322064
319448
325773
1520739
322317
325324
328762
322662
1523409
317436
329463
321543
322793
1520025
329137
325086
321893
321282
1522262
323031
323820
327319
322407
1523814
321688
331600
326587
328734
1524906
329644
323830
342157
323775
1539999
324191
323337
323224
323840
1534205
324269
326572
320953
328541
1530642
329524
325474
331426
323710
1526761
323713
332706
324563
324279
1525266
330172
326983
324733
325060
1525131
341213
326824
332487
325118
1943922
354641
326875
332102
325703
1557175
328809
333284
325898
326437
1532684
333121
326672
325657
324372
1531298
342987
327724
332337
325993
1543100
328025
337186
326101
333435
1538540
333407
326529
332290
326026
1535255
327373
334696
328513
327737
1535937
335164
326429
328098
326421
1528690
344254
330277
334397
327175
1550222
329503
339040
340336
337692
1535556
335455
330423
335339
328085
1543090
330060
335607
329809
326654
1536575
336164
329651
329699
327318
1543877
331220
330223
330365
329405
1573312
367781
363714
359402
328960
1562928
375537
342055
329002
328424
1559663
347192
330308
327922
336867
1540457
345417
330824
336748
330145
1546954
349319
338998
329987
334981
1545942
357270
331545
335625
331589
1550923
345643
337940
331866
330789
1551431
353761
332177
330872
332793
1952652
355902
334979
332781
355904
1572523
352999
333327
337163
330458
1557689
350462
327765
331050
342792
1556005
346289
334676
339413
363457
1624415
376108
361963
356721
327411
1571743
352409
335392
336379
332345
1564119
346943
323507
334713
339118
1551630
338341
335993
339006
334252
1553938
335377
341506
333909
339915
1557483
346510
337687
341198
334520
1551535
334374
343272
334289
339017
1549307
346636
337743
342007
336743
1563366
348282
345036
335377
335251
1554017
369721
341822
335058
335106
1562873
350932
338339
336419
336141
1570095
359971
340048
336497
342851
1559204
353779
338479
340351
337487
1559796
350735
339507
338419
343621
1553514
352484
339196
344182
336605
1563695
351839
348402
338356
343949
1561490
359868
339945
345971
338055
1559914
351832
346620
340599
349474
1966261
362605
335287
341897
343220
1576822
362326
340120
344486
339777
1571252
354807
347086
339236
338897
1561327
364411
