347680
235110
187971
1381198
208300
187936
185786
189875
1273554
197867
196315
183242
200007
1423205
284164
225891
182784
187643
1335757
193236
188222
186127
185335
1269994
196644
188545
185859
185445
1255578
196238
187375
193514
185178
1243157
199122
202081
189598
187998
1244067
194451
198137
191317
187418
1265746
197190
186711
202980
186595
1261714
194897
193469
186563
187085
1255784
195628
188407
194077
187117
1634623
201269
189936
197491
188904
1280262
204708
188302
187899
193865
1258232
197223
196679
189107
186248
1263092
196208
190547
189387
175743
1272847
196641
190058
189813
206143
1260547
197608
190479
179532
188783
1260164
188778
191429
191302
231151
1268335
185495
195421
189597
191196
1268518
197506
192321
196852
190753
1247856
204213
192276
192021
190051
1269119
200861
188277
192144
188079
1263766
198608
192717
191953
181324
1263115
198909
204517
189750
193113
1270039
198164
192258
197245
192431
1247517
206649
193890
191936
197456
1246663
200405
201758
192570
192264
1273612
203314
192980
191768
191060
1268615
201786
193557
193737
192614
1273309
202562
193464
199435
193491
1263015
210605
195907
181539
204211
1269853
217517
202239
194160
190199
1282958
202893
198335
201141
195067
1638306
217253
190938
199166
194830
1262993
212473
197117
194662
200137
1255733
198085
203354
249221
195724
1263747
204173
197959
200586
197515
1278453
222072
199137
224688
239715
1365691
206025
195709
195028
181925
1284800
206594
198330
190472
197799
1282395
206158
196636
200798
185541
1281543
203940
200865
196335
196917
1267343
205752
200254
204249
196761
1259359
202249
200425
199638
204925
1274502
205211
207225
198680
199833
1284737
208078
199576
218869
200069
1269126
213255
200340
197756
205346
1277722
208052
207679
200642
195945
1280994
209253
192574
205046
188961
1284522
220253
189219
202118
205218
1279768
207188
208972
200776
199055
1284464
209791
202670
205614
200553
1275464
216862
201766
202429
208541
1281961
211318
209223
201410
184717
1284654
210042
203933
220714
201199
1747185
254189
224625
211105
239928
1376793
215948
210982
203875
201890
1299101
212686
200084
219614
205667
1285955
199177
202943
204354
209686
1287636
209275
191437
205121
204088
1293372
214499
204404
214276
202101
1302550
215705
206521
202058
218082
1273557
213352
204592
203031
196682
1274013
212820
210949
206326
204394
1309311
213485
204143
229156
237715
1314809
239379
202387
202547
207799
1287328
221055
213390
204341
202657
1281578
214407
206975
214269
205917
1302408
221907
206507
205426
202119
1288451
215061
207424
205574
204612
1283048
213773
207438
206241
206775
1301273
218985
206652
205168
206689
1292746
225382
206937
206734
206962
1288654
216968
214114
221147
196897
1311271
219819
197283
239059
206854
1296336
217253
208992
208619
214490
1298952
217720
207915
207589
207811
1657052
233596
210634
208999
208416
1301749
321896
217106
208716
208450
1293497
219062
208335
214106
209065
1278032
206002
210268
211904
215139
1295547
216332
209570
208222
208163
1317482
222656
211205
208223
209117
1307933
232053
215938
219849
209325
1301633
224547
209989
210696
213643
1290418
218784
215364
211688
211765
1303463
213650
226660
211352
209575
1297095
207886
212949
212798
224620
1299804
227465
211059
212029
216406
1298587
222027
219481
210283
210490
1287473
220318
211763
217541
214031
1289323
210267
214282
213483
218591
1327599
221380
216507
212365
216259
1306876
222774
220483
213256
213663
1285261
220709
213231
218517
212347
1295770
213374
215808
215128
220558
1303909
225270
214056
211688
213768
1308655
222821
221303
213372
215464
1295788
223402
215808
220153
213565
1644235
233114
215226
209022
215028
1328726
238540
214680
215524
215172
1316465
233242
214465
214790
220679
1301270
224503
223658
216369
213740
1312884
227357
216332
214535
203595
1305347
227053
217446
234874
216419
1308489
233997
218278
216519
221092
1309308
226344
224420
218411
216279
1309730
221311
217948
216845
217316
1312036
227948
218364
222122
229506
1299246
234721
215781
218368
222761
1316801
228597
219639
219546
219624
1332490
231000
224247
217526
218353
1313882
229714
221215
223247
217617
1311494
224886
222618
220766
221162
1309346
225996
221332
221629
220711
1321068
227777
226304
207298
220736
1315263
230521
220511
208746
219388
1317454
231827
224968
226304
217764
1314961
251613
223202
220080
224235
1305044
264956
236302
220078
221093
1331540
232065
228462
220654
220108
1661745
245087
222423
219506
208862
1344001
226349
263331
257308
235809
1339591
245859
229814
222082
221809
1334149
231571
221945
229224
223418
1318580
222235
224370
223260
234972
1322341
236347
224510
222796
227871
1316921
232781
231804
234738
223889
1334379
234838
229697
222809
223691
1332096
231278
223866
226673
222879
1320216
222370
226352
225259
236360
1324241
239755
227106
223585
229140
1324118
234639
231147
223430
222728
1328445
234678
227948
225825
225936
1326088
233350
237497
233070
223200
1322043
240546
225474
224204
223834
1337776
244356
227414
224723
231248
1323484
235287
229714
226866
227244
1325413
236913
232977
227795
225610
1327959
237643
226768
220346
227282
1325902
239349
228369
229151
227850
1323635
244012
227625
227910
231932
1330372
238073
227943
229266
231792
1330580
238301
235267
226134
216466
1718803
252198
231175
228690
232594
1339057
229637
232085
229605
227402
1356350
240805
237874
230108
228176
1333700
222826
229912
231732
229835
1337536
225726
231907
237191
233190
1332251
224771
231967
232057
230477
1532729
227194
232022
229992
230993
1340112
235521
245310
231333
236181
1336318
227031
232471
232381
234929
1330866
226216
251812
233759
231213
1349539
227674
240770
231487
232674
1341573
228096
234371
238728
234738
1340217
226690
233792
239048
233616
1359429
229988
232601
234102
236831
1351521
236651
234849
360705
363191
2112642
397983
348216
370543
248461
1491163
255288
237853
234696
232847
1366165
249580
229043
236358
234566
1381354
233713
236347
251986
235996
1359817
233393
235550
241813
235531
1348303
235009
236407
235573
231712
1351352
238979
237262
235608
241724
1738215
254542
224756
236034
236089
1355886
242226
237562
236480
235914
1352565
251880
238941
240933
241770
1351195
253186
238931
235761
243797
1365072
248024
245553
237091
237685
1356269
246706
246826
237244
237981
1355830
248370
242855
239279
238502
1356560
245124
242249
244395
237355
1354395
248993
241093
244563
238109
1354790
246927
241091
242744
238529
1354051
254321
240431
240101
246997
1363142
254857
241136
240890
245227
1354954
248863
240046
240337
245038
1355570
262825
249344
241396
239507
1373478
248816
248109
241652
239655
1359199
248794
248948
241221
240263
1354921
249359
243137
241000
241266
1358885
249966
242622
249069
242101
1362711
252311
242589
246077
241868
1355289
249919
244947
255820
244771
1358459
256849
244168
241296
241474
1361636
271049
245623
241750
248139
1757783
262638
243195
248069
242579
1369697
252146
243659
251456
255877
1454830
273470
248966
254657
247064
1458569
292907
240602
242346
235974
1440199
275592
250600
246050
243318
1410431
255443
246724
246225
244736
1377238
260104
246931
252322
245884
1367836
254233
247012
251713
245846
1377150
259661
246884
262362
247723
1381389
255581
247997
252649
246019
1366665
248933
247480
246814
247765
1363063
261573
248866
248458
252555
1364927
263520
247633
247939
253607
1360908
262896
249966
248490
253805
1369371
257291
249858
259034
254842
1368131
254261
248640
245503
248265
1385318
257831
243333
248651
247791
1375323
257118
246386
248753
248946
1371739
258160
256999
250482
249871
1378813
258110
244897
250675
250608
1371762
275212
237174
248648
249514
1379229
259197
237593
249675
249981
1765194
270260
253164
239522
255751
1392380
272918
243774
250583
256686
1375325
259711
258411
251497
251848
1399548
263700
270744
252276
251570
1386483
260205
260116
252963
251519
1383063
258753
247603
251527
251796
1384685
260437
248616
250753
252136
1383273
262302
258774
241610
250164
1386766
259796
258906
250617
252276
2149143
423867
390370
265113
257854
1463382
268985
256894
252510
259134
1395341
264883
253952
253274
257879
1378397
261856
253611
251217
256596
1373569
263560
242557
252426
253594
1384754
263700
250049
270411
254707
1394735
264427
249415
256759
254066
1386639
263040
261866
255413
243005
1384569
264700
260327
254201
241534
1386130
290208
264605
254153
241276
1397965
265942
277770
255812
242449
1406023
265191
260638
255965
243634
1391442
266564
263805
255877
243829
1775701
283067
255777
254797
254907
1383948
274492
257817
257375
256887
1392822
275434
256869
255958
245263
1390636
273718
258731
256702
245238
1395509
274682
258185
257529
269129
1434902
268850
258480
261789
245055
1401014
268589
259927
262497
245558
1398704
268065
261239
245516
260914
1402686
268238
260255
263470
258596
1421253
272403
258804
257939
246009
1400528
268047
259212
259505
247766
1396161
270892
260473
259768
246062
1397449
271801
259969
259247
248781
1385739
271197
264517
259984
247223
1420208
305538
302642
292343
292997
1414894
288787
281591
278333
268619
1448734
281084
262367
261107
266654
1409814
280724
263871
260901
269315
1392059
279476
262237
262447
253574
1406118
280321
262089
262261
252790
1403706
278489
265236
262705
262756
1394334
288808
264487
263550
274249
1781216
283608
266620
261247
262372
1417750
275663
269509
262926
264464
1413087
273968
269195
264026
263585
1399147
294282
272149
263687
264048
1399158
276306
272190
264627
262655
1409884
275030
272976
264261
263753
1406594
278837
252722
265659
270049
1407406
275477
265514
265607
269797
1424052
277982
280704
269649
274056
1421909
283325
267201
264825
272332
1410376
285440
266003
266757
259252
1408562
283235
265221
264284
270347
1409328
286304
268258
266537
264800
1405953
285620
266098
272022
265782
1411887
268464
269538
272470
265020
1412869
276322
268386
287451
269238
1448809
282190
268523
274377
267634
1434116
281373
268241
255604
269200
1418439
279491
269127
267193
267151
1412135
280533
274537
268970
286129
1428855
280143
276086
267443
268358
1419261
281669
276610
397580
304003
1856961
294972
268541
255779
270405
1449635
281363
274473
271017
270122
1436370
284796
318979
273846
269589
1529943
292890
284037
271019
264294
1449651
293200
275143
272623
278780
1427074
277354
273026
272315
271709
1423513
286915
286122
295984
282017
1529215
318103
284513
282137
276580
1508075
303529
274745
263707
266171
1497536
307437
274340
273317
278582
1448859
293190
276592
274931
281591
1427130
291175
276301
273087
274232
1439603
277113
276143
281669
275232
1429194
284202
286217
281668
275910
1444559
283027
277782
282305
275745
1427409
285738
278819
275908
276314
1429074
287272
284398
276870
275898
1448493
287863
283167
277096
277958
1438718
287632
312156
308165
290326
1464199
300980
275384
282352
276054
1450006
290419
278358
286545
276787
1440823
288893
276770
277862
277121
1797088
298770
276620
275916
280869
1456927
296781
278727
277913
281578
1433496
294515
279007
283315
278108
1432264
290667
279053
284390
279770
1447235
290825
280075
261405
280669
1439778
287695
283463
280052
279423
1438603
291522
289208
279564
279345
1436044
308032
276118
279960
285951
1443875
292075
279749
278621
284212
1439565
316582
279501
427972
362927
1545236
298405
289788
280441
279654
1435825
294301
289506
269884
287610
1498455
304632
283819
292546
290046
1458070
300469
281697
297545
283548
1439036
295338
283688
304726
281341
1461857
294631
282987
294478
286109
1451074
297117
288893
282556
282521
1455276
295330
291291
281659
289035
1443359
295668
283653
281651
288972
1450134
304394
284886
284518
272219
1443344
302383
285320
307228
314081
1518255
298485
286545
283481
284435
1455585
300009
593201
319045
290619
1526407
306934
285452
458825
459183
2143756
334349
298034
288299
285886
2352194
466117
308452
290341
295758
1546328
313018
290581
283190
302238
1506684
307879
291238
295571
288926
1469120
302487
298613
289662
289364
1498771
301444
278048
290682
314998
1474438
313108
287705
289950
299893
1467818
294022
291842
304038
288028
1476076
303225
322292
330719
298359
1510032
303221
297592
291852
289632
1466983
304293
291231
290878
704088
1480587
305185
292927
291511
291689
1462498
306521
299475
292245
290667
1470473
303930
279441
292438
318265
1475222
312512
293824
293348
296954
1464610
310017
293917
296485
292461
1467749
304416
293047
287589
293692
1462165
314764
303661
291634
293450
1454399
307641
323537
293919
298538
1486751
314947
294255
293844
280065
1466675
625658
345703
294326
292889
1525500
305694
285918
295210
301502
1473027
317005
295826
293160
282054
1469038
301023
296452
301843
294162
1478191
309104
296302
284109
296515
1467892
310154
303339
297575
299863
1477440
308465
303870
294977
302075
1472624
316967
297961
307390
296781
1475069
309309
298149
301492
296583
1494814
314955
298633
297287
296102
1483892
309919
306207
297182
301576
1478389
313785
299933
297523
302352
1474267
318255
299635
302912
296738
1479971
312737
300875
305619
312397
1495313
323580
308818
298384
297125
1476620
311948
300985
300079
306125
1480812
320227
301184
298954
298826
1474054
312076
299587
305102
299169
1482519
310324
307021
300204
300337
1480930
311208
306508
299822
304579
1476400
319858
302261
301085
307904
1473921
321648
301971
306438
300805
1488202
314634
302617
305869
313086
1901908
331899
300833
306300
301562
1490158
317504
304782
324196
302223
1492432
314534
308603
302594
300589
1488700
313470
301783
300637
309302
1486676
322628
303188
308142
296754
1489610
316817
304456
307664
291506
1527304
322668
314823
304862
302168
1491281
318496
304897
304662
309490
1490976
323911
309094
308212
303135
1488454
318055
304797
308568
302256
1495443
316446
312745
306388
313497
1486375
316867
305556
304977
309069
1486498
325201
306724
309630
304108
1492782
319699
306207
304757
305851
1493427
318165
312144
306205
309031
1489153
324905
306468
307483
310217
1490321
327326
306147
309537
317122
1520511
323613
311287
306480
305631
1499235
317849
303008
309555
312412
1500427
328216
305536
314373
309076
1497731
320778
296856
309763
309673
1537730
336319
339210
309412
314091
1900798
332009
306821
307022
306922
1506744
321152
314684
307851
312439
1507919
330711
310888
308844
308365
1499405
321292
322275
316812
307892
1501788
323086
315235
309508
308877
1495967
323152
310470
308701
315183
1502728
331285
312597
314903
310788
1503590
322242
311337
311614
309749
1503885
324730
319691
310718
316641
1502525
332398
312251
310915
311329
1533245
329060
315271
298282
309904
1505313
325474
317990
313337
315955
1505574
333142
313709
312853
312294
1500773
325442
312612
318197
310545
1501099
327110
346946
315378
313429
1518987
320704
312540
312675
316875
1507832
317043
314584
317844
310094
1505605
325317
320801
314048
313236
1490552
325784
316060
312369
317063
1506563
333342
314620
318726
311838
1507666
326489
327030
316874
316135
1512622
325875
303782
314511
337689
1897759
335254
320067
314507
313479
1530200
329937
317018
316205
320633
1516574
325359
317335
321382
312998
1543383
334395
323618
315549
314427
1515852
336803
316561
315273
320189
1559265
332381
316316
321959
315461
1522387
328859
322613
316571
315870
1517534
389539
350827
350383
344784
1565822
363105
337487
316060
318200
1531671
337855
317268
316185
317719
1509323
334998
321264
325547
315895
1519298
334129
325760
318168
322171
1517153
339384
318999
317533
315809
1519288
333255
320565
324775
317004
1519015
332952
324915
316924
324001
1516554
340443
319941
326647
320714
1526274
334450
320425
320230
318581
1521488
333843
327259
318759
327989
1558558
344886
322500
326378
318626
1530090
337005
324297
319954
319773
1532987
335890
320448
319541
327053
1523237
343869
321906
327016
308743
1563402
337564
329769
319024
319834
1936273
346420
320799
325043
319969
1549993
338239
330621
321505
329170
1534829
344922
323455
330030
321811
1547932
340319
329702
323325
322424
1536756
343693
323688
322447
315548
1529565
337382
324422
328762
320936
1527908
339858
329902
323560
327985
1530083
345538
324630
325910
325021
1537570
339033
324903
324795
324046
1532561
336873
313511
349742
334018
1542035
335335
324246
330480
326266
1533357
370610
362770
337166
328945
1551504
362386
324745
329262
323600
1549836
339025
332676
322898
324071
1549906
352556
327043
326084
325068
1539337
340807
327399
326531
326687
1541111
342147
331541
328117
330959
1532346
350125
328426
333528
328216
1539374
344634
334024
326349
330955
1534440
353897
329180
330105
326567
1541925
341987
329727
327046
326705
1537528
342917
324492
326160
334369
1943995
337562
335821
328330
332666
1550500
338098
332583
334159
328707
1573337
333089
335791
330030
330050
1552993
334695
331593
329541
334533
1542913
330165
330641
348161
329944
1551217
330756
338076
331077
336194
1545812
365246
335307
339677
330164
1565823
331575
338657
330220
334840
1542373
338394
331591
336096
332720
1547939
331480
338251
331779
332343
1548515
349298
333487
332580
336164
1550931
348011
332184
335934
332583
1550047
329932
340476
331448
338314
1554599
351449
337472
338662
334327
1548250
332718
339639
332250
338013
1547987
337973
334570
339309
333285
1546368
333355
341491
334750
348377
1555576
342248
334282
334786
335778
1560372
331886
337690
335357
335635
1554937
335765
336377
334214
341198
1549305
333726
334330
340641
335076
1592298
338516
343809
334763
344367
1960315
342749
341546
334479
341957
1568092
345888
337921
341666
335948
1561620
337968
343175
336635
339449
1549189
342295
