365895
213194
189019
1399035
200477
201881
184490
185022
1284941
197486
188267
185208
198119
1272401
195664
189132
185761
188089
1264907
189800
188187
189106
187741
1266027
197992
190336
187840
194295
1253636
193359
200991
187132
186252
1267685
195398
200868
196922
186982
1262950
202830
190291
193937
190246
1264112
198004
191146
211528
189891
1263777
199382
184260
190362
196729
1269242
198077
197168
190610
190372
1663707
209689
201467
190056
190851
1276659
200009
192223
199062
191625
1257432
207363
193129
190896
190973
1260218
195787
192509
192021
191525
1280006
199836
193209
193234
220228
1268635
201720
193601
192000
190372
1290403
199528
192978
191264
191707
1268290
200359
193341
189520
198337
1273845
198761
204527
191332
190071
1312381
201036
193889
200049
194348
1276160
208905
190663
192451
197403
1271101
202066
202810
193855
193241
1280922
200136
215349
195914
193890
1272274
215608
196846
194040
194446
1271825
201991
199471
195108
193507
1274785
202520
195588
194536
198478
1271414
203061
194677
194507
194421
1279458
202687
196536
194676
194839
1279608
203392
197072
195567
201382
1271913
205274
205339
196591
198260
1274785
206000
196851
203828
193692
1286369
211709
201850
195801
203996
1648502
228391
194507
197773
203975
1286930
209247
206284
196990
197874
1283272
203484
197463
272382
199919
1289594
206293
198205
197093
204219
1280616
206591
204307
202954
230346
1364357
208227
198656
198137
185776
1280889
298084
291411
272317
205641
1377215
296770
218386
205526
200069
1371028
214524
201998
206872
186852
1302894
203129
201127
196839
201352
1290849
209085
208100
199969
200626
1293558
205917
202226
207188
201935
1293834
217040
203299
200362
206696
1272607
208148
211457
200688
201174
1294221
211117
202122
207589
198228
1285547
217687
194168
190515
210736
1302343
212821
198049
202086
202041
1283537
207957
207095
209716
201099
1292784
199696
204615
202873
209496
1289613
212014
197232
202619
203890
1297744
211287
204386
209726
201116
1309747
212688
205867
203803
214252
1648507
226790
204888
196881
204279
1304210
206295
237357
237628
241854
1321580
227304
196864
215798
206413
1312606
211150
204832
204727
202354
1293655
212573
205396
204296
217554
1290125
218418
206208
207524
203457
1303428
214214
212946
206320
204234
1298534
213254
205427
211576
204241
1284239
222728
206549
205248
212643
1282292
212981
215417
206288
205002
1296168
214319
208045
200954
206907
1297930
216361
208225
205854
196767
1336018
220917
209135
207831
206712
1329485
216284
215998
207190
207077
1307943
219384
209625
212946
207869
1291620
225540
208255
206659
213640
1316432
216100
197453
208268
208835
1338869
219017
209195
209415
205649
1338268
240136
226362
233315
224214
1363355
237089
226244
237896
224868
1361493
238906
227093
226221
224295
1361514
240449
225272
224668
225237
1711619
254018
227334
224252
238921
1363182
352511
228599
226547
224267
1355234
247477
227848
220774
226224
1348651
236314
224861
232659
223124
1357122
238342
227820
233611
227449
1350896
238319
228349
233029
227370
1356121
251091
231354
223788
217003
1358186
235345
229662
223019
225041
1348451
242005
230712
230685
227892
1357209
231955
237593
249122
242730
1380983
253609
245338
246012
243421
1355896
252975
244969
210904
212370
1341300
221570
212407
218972
212297
1309445
228903
213846
215773
224430
1309763
223726
213891
212152
218053
1315373
222631
221170
213911
213252
1306350
222786
215710
221716
212976
1299690
218366
213757
215324
222212
1315644
218952
216552
216372
215886
1329368
223445
222057
215259
213908
1315909
222864
216662
223628
214993
1319482
227512
214866
215238
219546
1670988
237713
215758
214913
216291
1341006
245185
218073
215998
220609
1324384
226191
216845
216469
216544
1330142
225252
224778
216431
217193
1324832
225483
218639
224816
218153
1317961
226377
216712
216086
216406
1321780
235520
217396
216251
223230
1304453
225783
238149
219722
219122
1325293
224149
218642
219737
217627
1327733
225946
217146
225362
229983
1328756
223898
216113
218792
226143
1325072
227141
220057
219486
219674
1328112
228471
225676
219998
219101
1323689
229835
220536
222240
219310
1324674
229486
219586
219198
218348
1318525
236370
221516
220368
227559
1329608
232468
222411
220122
220371
1330856
232919
229043
222017
222260
1331683
232546
226014
226322
210395
1330460
232591
223060
224806
220313
1327073
241326
223257
210157
229368
1342099
232428
224234
222137
221122
1670217
255176
223039
222758
226863
1360108
233521
225287
222801
222733
1338834
235172
228647
223024
223044
1337932
234641
225007
222979
222731
1336712
232796
226174
229409
234719
1337118
224279
225944
224899
237828
1334096
242017
225420
224655
229915
1330305
232531
219647
225643
224958
1339388
232554
230654
225552
223352
1337651
233929
225919
232068
225938
1334773
236017
227103
229597
226232
1331989
241627
226938
224833
230218
1337356
236290
226650
226076
224738
1338859
234262
247054
230519
225688
1344891
234862
228046
228105
226184
1343374
232531
226179
233079
225141
1326967
235363
228982
226051
228662
1352759
243905
228417
227015
232504
1345858
239114
229402
228264
227261
1343174
236815
236102
225863
227249
1349206
239394
229742
228106
229181
1368710
237402
230168
236994
227297
1349336
239748
229820
234062
230263
1727892
252867
230968
230782
230842
1362842
240202
230131
236746
228931
1348812
243822
232303
236909
228697
1350073
254940
231576
230314
221150
1358031
249773
232105
232478
236901
1352265
241652
232133
230699
228813
1549071
249122
232952
231732
237680
1353996
242502
252484
232611
232955
1352658
241908
240253
229389
230978
1351779
241877
232571
232985
230436
1410812
247485
235127
241747
234814
1381103
242742
232579
239226
232223
1351954
248869
233010
233684
233774
1356467
253654
233055
233706
245055
1362328
262933
235199
362121
320375
1528727
279010
245691
263612
267386
1474866
271152
257413
237495
232712
1383056
247104
242256
234321
233738
1378926
246608
236541
239173
234828
1373077
245546
234406
240667
235856
1364555
242584
236656
235921
237182
1365115
249818
236031
234904
235373
1768485
258568
238291
247415
237332
1382396
248824
237703
244257
237122
1368820
246764
237295
245889
237489
1366891
244210
239685
238189
249349
1368775
255521
238943
236760
243011
1368510
254810
238522
237640
243962
1375053
249951
239257
237560
239181
1362629
248861
247153
238555
239184
1356757
248066
248339
240103
239787
1370088
249410
236151
240093
238387
1383261
247305
240795
240735
240494
1385494
251459
237359
245391
238981
1374256
250648
255176
247483
240862
1375277
253461
241972
247080
239121
1365436
248222
242106
243311
253534
1372168
259117
241950
241885
235483
1379763
258149
242802
240565
260332
1381016
260963
244859
241119
247034
1364774
250217
243872
242474
249550
1367675
252758
238821
254008
245643
1387614
253148
251617
242504
242472
1365217
252773
252454
243657
241995
1765947
275580
246282
243028
248337
1384236
262858
244446
385956
399133
2201802
400937
384390
398943
400406
2172020
400797
367435
396512
366157
2075431
432803
335374
256000
244443
1482769
260069
246573
246997
246237
1417101
261508
246891
247149
245623
1384271
259207
247916
251362
245333
1387671
256699
247317
254734
245769
1390039
258122
249449
254316
247272
1409621
258385
249916
255063
245737
1385619
260034
248320
254101
248185
1387095
258919
249618
254502
248825
1414513
260596
249557
255669
246839
1387295
259676
250846
265730
247628
1386959
266982
252975
251885
249520
1387578
256213
251702
249409
262610
1387699
268150
251362
248929
249465
1388596
269093
251407
250325
239179
1391956
266093
252773
250447
255877
1404432
281661
253128
249367
245698
1399718
268130
251307
251908
257213
1770372
277076
252640
248595
252507
1414071
273003
255699
245556
252394
1400100
261520
253178
259392
252090
1397752
263419
252845
258591
251209
1398518
264702
253865
269699
253169
1406827
264239
253189
258698
253086
1400719
263637
254203
260369
253346
1396158
264223
253412
263802
251043
1403384
264857
254860
259265
253412
1486032
299071
274723
264036
255892
1439723
267546
254451
255411
253832
1404412
267136
255223
257072
255077
1400709
262976
254253
253605
255750
1397734
267013
254183
254476
243293
1396096
264517
245975
256390
256726
1401169
268280
255100
256172
255669
1400225
267441
257749
255711
255319
1415290
270228
260079
259239
256594
1431719
281498
265649
258518
258152
1410193
266288
258611
257591
255171
1402883
268446
259224
259009
258966
1413803
273540
265504
258057
257618
1793126
293087
262262
259350
265853
1424708
280594
262798
259323
252875
1410334
277386
258779
257109
243020
1408905
276820
259022
258380
249585
1411604
276559
261135
323906
280023
1490588
272107
266466
260069
259300
1414319
272179
268529
260167
259823
1418564
272324
270198
259441
260322
1405387
272077
257022
260984
248247
1418234
271670
268584
260840
259505
1408740
272924
270578
262191
261958
1414124
273217
272683
262505
265369
1418374
275034
262785
261107
267647
1410944
273099
266256
262224
267381
1416898
279403
257844
261247
268704
1414631
294113
394801
430613
280654
1519428
279519
265745
267071
264502
1431605
275735
269932
263450
265099
1440616
278958
274454
264026
263387
1417851
274635
273304
265356
263639
1423112
276332
273761
265931
264101
1421824
277374
270458
265582
281098
1793610
291862
268937
274771
265334
1453219
280872
267509
273931
265306
1427786
279634
267216
270936
264617
1427910
279792
268346
266835
265835
1424014
278378
271468
265607
265276
1430221
280935
277407
270117
266211
1425848
278251
273147
267373
268000
1440099
281135
274743
266864
271285
1427252
281962
282063
269115
273398
1424533
298119
269767
266141
275612
1435017
289023
268772
267526
256025
1426237
287597
269784
268721
270431
1428648
270380
270859
276256
268606
1431983
283190
271270
276304
268421
1433085
280333
269345
276798
268363
1430876
280504
270190
276401
267777
1429494
282767
269997
270829
271839
1439597
279975
276873
270453
270285
1439074
283029
276722
269396
268518
1431421
283633
266474
272643
275868
1432266
283453
271022
272490
277309
1436596
290412
272613
294092
453122
1873964
295418
280243
272984
277472
1454875
285462
273600
271623
278858
1432511
294683
274231
272009
278868
1431684
307914
287279
273227
272776
1434842
290071
273655
279130
274195
1434627
286710
272904
278852
273337
1436361
285056
453137
450729
447343
2313222
478580
447051
444570
437498
2212714
450116
415899
425785
420239
1857998
317426
279273
284789
277406
1470849
293410
280133
273515
277467
1443712
306992
286818
278418
275981
1461200
295330
286796
277812
275935
1438781
293067
287590
276216
292661
1466401
302579
279915
277191
281776
1444501
298801
280860
278481
278745
1436821
299999
280181
285650
277301
1436513
294014
282012
284330
276740
1462580
295554
279388
280338
278925
1446060
290063
283513
280140
278797
1443123
292759
289103
282611
279611
1437952
293531
287910
279732
285405
1811345
308901
281320
286382
278439
1477053
295315
281489
280616
281140
1448386
294328
288710
281865
279832
1432113
294874
289203
281952
282711
1445914
294917
284102
280809
286657
1446542
303857
282972
280506
281013
1442670
284761
284856
287961
282029
1465449
298046
284884
289895
282353
1471534
298637
288638
283659
281453
1451500
294741
291083
314953
317979
1506072
308440
285613
283803
290667
1452958
305368
284242
295773
285783
1463169
300537
284889
288795
282941
1451250
297109
284367
284338
281716
1440026
299048
292576
284874
284545
1445576
296332
282343
298795
294027
1455422
305378
287579
284888
292549
1453018
308495
287158
286702
286790
1456281
301322
286991
307863
285119
1465114
302615
287527
286257
287029
1464768
300344
295062
458748
422560
1589104
311029
290677
294704
287287
1475080
620316
329267
288211
295846
1515705
311778
303844
309891
307586
2412891
442330
315203
292816
289938
1631022
353534
299091
289166
276482
1507410
298931
292857
312405
292491
1489329
305954
292398
290487
291273
1469346
304554
302016
291050
290682
1496396
303032
273160
292068
297891
1499843
318566
291822
297057
292037
1469050
308512
292366
298317
294119
1480419
309571
337076
474556
320661
1549056
320804
296838
293664
293929
1471431
313384
293749
302614
700988
1478964
309513
296345
294493
301496
1469834
316862
296069
293351
294473
1463626
310056
295904
300713
294784
1479026
324148
298866
295578
295949
1484255
310166
304717
293960
295480
1465923
309317
296466
295671
303506
1468849
326742
300594
302298
297232
1486049
313780
298297
302487
296631
1480296
312229
303649
296833
296603
1810256
341925
299445
301304
296114
1531073
313590
298838
302757
296699
1478510
311427
305754
296726
297573
1477539
315827
300379
299153
302927
1477292
322816
302048
298627
297502
1477946
315376
300822
305692
302366
1481980
315148
305809
300535
300096
1484560
314464
306187
300673
306862
1480394
322194
300574
300807
304664
1470246
321773
302076
305927
299352
1495937
299224
301842
301258
298981
1483055
301539
309803
300640
304504
1480379
306764
303163
300324
305959
1482398
320791
302725
307788
302203
1492101
315321
302417
302281
300712
1483935
301522
312003
302185
302640
1476708
304750
303386
303048
308806
1478467
309851
303418
310515
302982
1486365
302682
302935
304626
301620
1484513
305375
309906
303386
302920
1481609
302020
306120
304311
310959
1485924
315787
305867
308753
303339
1489913
303602
305739
296581
315251
1901868
322557
305776
309350
305468
1504269
305298
305182
311705
303947
1517902
308215
312898
304586
305405
1490662
315318
308230
307929
312113
1497937
328558
307182
313391
300058
1511054
308057
311835
308691
305561
1503061
308370
313359
304629
311542
1493061
317250
308843
308600
305561
1495960
322370
310976
311770
303731
1486663
307380
315198
307285
305643
1487688
309061
307743
307999
313038
1492346
315138
311895
314514
306448
1497864
309528
309685
307791
306265
1501715
309304
317386
308876
313903
1501347
318107
311738
309378
308337
1493800
309269
309397
315892
309039
1494286
310372
317832
309280
321044
1500726
325248
313757
309646
314369
1510655
318661
311697
316651
309718
1513487
310543
312336
311377
310241
1502805
309182
318623
310515
331010
1512152
316404
311984
314952
310384
1903189
335249
315732
311770
316416
1510869
321898
314512
316567
311242
1513227
312211
313086
313825
312086
1505278
315040
334407
314464
318704
1508366
320347
312141
319498
313823
1509679
312314
313735
318024
312507
1503632
313609
322688
312787
318094
1506007
320535
314662
314610
312089
1506972
316070
316331
320395
313316
1510771
314923
323710
312818
313108
1506970
337800
317987
314832
319172
1514838
317588
315727
320298
314479
1509060
317506
323858
315153
315582
1510701
323790
316323
314988
333155
1513613
315213
316717
322884
314539
1513848
317273
324717
315867
314912
1510656
323701
318396
316975
320901
1510230
321277
317804
323241
316494
1515482
317892
338238
317311
316466
1521676
326496
317579
318589
323167
1515454
332974
329303
323896
317553
1515003
317581
326963
316910
316345
1878527
344488
318877
324477
316604
1561502
318924
333344
324830
329771
1539309
329406
328256
332080
323093
1553853
324214
334021
326920
325987
1539297
329050
327834
325590
331663
1530238
321869
329009
332623
325321
1539264
320262
344694
327045
330558
1561327
333688
329723
331323
326253
1542111
324036
336392
326391
325531
1531032
327606
329170
327724
331643
1535977
321836
327469
333765
326236
1539379
322588
335868
327048
330300
1537753
343646
331834
334485
327248
1543652
334580
337020
328562
326575
1533278
339043
329581
328150
332440
1534125
336187
330551
337046
327305
1543536
338038
339579
327694
333620
1541061
343410
334119
336231
328750
1573368
340366
340216
332502
329280
1538818
344831
335217
331140
329616
1552960
338241
334625
330861
330267
1559373
342496
334567
331014
334746
1543063
328536
334841
337479
330874
1860583
352150
340752
336647
332738
1576931
342887
342178
335615
332511
1560219
347184
339203
335933
336407
1557147
343438
337068
335863
335304
1568060
343936
338592
335585
340127
1552509
352423
338642
343045
334269
1561174
343786
345538
337895
342976
1561305
352732
339387
340586
335818
1549279
340870
345174
336054
337855
1549745
365599
339428
353115
334936
1564256
342223
343734
336066
334760
1550234
350394
336014
333753
335197
1574069
334888
338702
336073
333608
1564792
344278
337477
337178
341351
1553695
346202
339464
342328
335916
1552938
342982
346244
336695
341731
1562494
336206
338910
342253
335572
1560109
343588
345037
335592
343340
1559105
356393
341196
345886
338995
1559457
347487
347149
338965
343310
1557486
341336
341090
346595
337917
1570092
335868
348655
338403
343215
1858599
348442
344618
345182
338868
1571232
347196
341801
338637
361005
1572981
348825
344001
345325
340539
1564795
347194
348542
340902
345157
1565937
352426
344304
356204
341564
1594125
349427
351231
341688
345495
1558821
339061
343090
346422
338251
1562627
347695
349109
341841
343508
1560884
358116
343518
348414
340057
1564624
353476
351251
343035
345455
1570495
355523
343224
348186
341877
1569699
351253
351388
343470
366922
1581230
370816
345956
348444
341263
1577071
363033
388914
370170
374103
1625729
354506
347382
334768
344668
1590847
365433
342593
342363
346800
1617564
355753
344588
345292
341962
1573958
360708
345803
344420
343721
1580301
350637
352326
344334
342206
1583192
362241
347567
344526
343944
1576096
351880
350976
343851
341285
1568060
361379
345613
343395
347214
1870532
357134
336214
347051
352569
1569889
354999
348189
341927
345320
1572086
353791
349030
345715
351291
1620924
385707
