370335
254794
205872
1477194
208398
195493
191006
189986
1317630
197533
191008
188678
200435
1275466
196559
189894
186869
187811
1268423
192983
188086
188019
194529
1255501
194945
196837
187209
186413
1253626
197014
190163
197391
189517
1263506
198856
200315
190745
184972
1249259
195501
188500
193171
187894
1252298
196772
189031
203397
194093
1256972
196300
189109
189164
187728
1255624
195436
188187
188372
188094
1658628
199928
184070
197460
188197
1261499
204246
190931
189883
189943
1256571
200129
191575
191422
189277
1292972
191788
191258
190765
195671
1289744
200016
189136
190791
219351
1262313
197293
190746
197185
190377
1268681
206998
192146
189542
195306
1253456
197686
199373
191620
190700
1269706
198989
190923
191074
190457
1254556
191958
192254
192878
191673
1266759
199268
189084
196062
189968
1258685
206506
192349
193356
198072
1252175
200069
219448
190078
193048
1264233
201903
193027
210235
194656
1273198
208385
194987
194363
193298
1261805
200006
194413
193662
193970
1257755
200237
194146
194230
190176
1261957
199831
195007
194361
195255
1267355
202625
195356
200418
193534
1253936
211047
194006
196060
203382
1260790
202309
202823
194248
191061
1287291
201818
200161
199936
195737
1645859
211568
189325
201097
195536
1297158
214104
196220
196428
194338
1264115
202928
200573
249595
196744
1298565
205730
198227
202592
195777
1264849
211909
197731
211665
302865
1401320
213886
201765
198094
198427
1308392
207987
198418
196135
200147
1287944
208340
200510
204414
214735
1282746
207647
199377
197909
198678
1266348
207932
199305
200239
198520
1278832
209651
201405
199330
211335
1286156
209608
200680
199410
200828
1300917
208132
200578
199480
200663
1262366
207068
202188
201083
212086
1283550
208122
201948
200946
193121
1290030
209651
206436
199869
202888
1305565
212415
199485
201009
297603
1463185
248919
226876
208829
216955
1325366
223944
201019
201242
212533
1325989
211340
200933
201700
201254
1281779
209540
202474
199678
198570
1293124
211972
203958
201189
190001
1666451
219378
203101
216853
202831
1289864
219115
203810
201019
207609
1276885
211593
210385
213279
204684
1278370
211415
204146
209353
203392
1271665
215502
204233
203183
209258
1275855
213487
209698
207108
203770
1284344
214375
204233
224357
204602
1286000
220456
204847
204223
197623
1298559
212768
204196
204221
205234
1275351
212387
208709
206238
202680
1280259
216662
208649
206078
216950
1287201
224202
206832
206902
205407
1296680
213455
227259
206606
206439
1290100
214410
207523
211145
206431
1284810
222620
208047
205444
211943
1299160
214805
215632
207027
208476
1335965
217719
208045
195378
206862
1316375
217373
208560
207161
217344
1310071
223310
208864
208226
213678
1295505
215858
216998
217990
207027
1300962
216780
209125
216045
207308
1293205
221428
209376
209067
214207
1649173
210157
208536
209774
210481
1301644
328233
210589
208428
214920
1296419
217539
217932
210563
209363
1307330
219428
211110
217135
211129
1300949
224543
210243
211330
199099
1305663
216734
212522
210986
211284
1319234
229266
221802
214594
210944
1306743
217416
211227
215134
210297
1295620
215226
211583
212387
216399
1305347
213289
211415
209523
210630
1289508
220744
212280
213447
213272
1307543
218303
213039
218258
211871
1326986
229153
212964
212655
206361
1300867
220802
222005
215412
202359
1322998
220093
214189
212179
215592
1313972
221390
213567
219190
214016
1306745
230053
215024
214049
218632
1304861
221784
222183
214715
213753
1295895
216108
215191
215570
216126
1307620
225804
215785
215103
216073
1307490
230955
214430
214868
221312
1326518
224530
226141
216179
214295
1654997
232589
213109
224147
213901
1334206
235801
223665
215214
216191
1302478
221320
216045
222275
214986
1296590
224523
217449
216484
216819
1316395
234212
217241
217587
220040
1335506
227675
225590
217266
217727
1309367
225577
217416
221801
217615
1320081
227324
219338
220870
217632
1335155
231240
220358
216627
213144
1321421
226229
220451
217036
229732
1346118
260881
262317
250948
251151
1369247
260761
251672
253512
250985
1347011
244717
216567
222906
215554
1312396
227865
217990
225605
219296
1314491
233819
218995
219852
226597
1315102
228487
213069
219980
220325
1324802
228582
227229
219604
222210
1341410
231310
220862
214192
219431
1323795
228535
225367
219774
222834
1320594
236064
221882
221505
214555
1319327
230190
210124
222500
222004
1324614
229561
225785
222159
209523
1684239
238138
227562
220614
208095
1352623
230211
222954
223806
223189
1331690
229877
221816
228257
209937
1323592
219374
224094
240069
223154
1340147
237302
224204
222743
227477
1325280
231594
220483
223933
222934
1332700
232361
231404
222421
211703
1330039
229772
222806
217389
224961
1331840
230937
224532
211525
223738
1332509
240063
226399
213429
230117
1325493
233428
226918
224758
213417
1331552
232709
233455
225901
213495
1332695
234551
225097
225866
224813
1345371
270277
270158
264532
257683
1392909
270064
257573
247893
224881
1347309
241625
227257
225424
225250
1328465
241610
227302
225948
220543
1329523
233701
219674
226645
227079
1335572
233736
234821
228917
215644
1337694
236061
227690
233613
215028
1335474
237217
226938
232912
214311
1334727
234448
229158
228527
229456
1346870
247067
226998
228973
237903
1706884
246891
228675
227670
229524
1347278
248127
229439
229148
234991
1330575
239911
229830
229018
235235
1322657
237134
236648
231469
229023
1336659
238159
237284
230336
228381
1345138
239826
229600
223435
230309
1544361
240066
229965
235062
229459
1368101
241313
243431
237071
232055
1347407
239219
231170
230476
230684
1339490
247535
231925
230081
236831
1331960
244233
234178
232516
238680
1338313
240868
239966
232308
230153
1328141
241612
238209
233992
231561
1383368
244546
233300
232278
233277
1359056
242185
233614
370227
366613
2125007
393909
366889
351103
256206
1462636
261136
234736
235864
239489
1365014
243361
240988
234578
232774
1367931
245302
245435
236234
234478
1349411
243985
243464
235557
235566
1356214
241452
235683
235510
233357
1360015
245215
237425
241065
234290
1737754
254449
240426
240470
233716
1366152
245634
236615
226186
236312
1380760
249006
236275
236581
238256
1379276
248161
237515
243100
237009
1359358
247978
236969
240745
237781
1355582
252153
237693
238156
230411
1362053
255263
237891
237843
243982
1357792
247984
237788
237021
235939
1358544
248595
245859
238139
236720
1344103
249079
247065
225317
238290
1376511
249763
238156
238132
238284
1366730
248921
239687
232529
238607
1367840
247653
240750
245934
240647
1355687
248443
228878
246280
238432
1363122
256509
240356
239986
243493
1358101
258869
242353
240569
243266
1360007
255860
242809
242028
248562
1359213
250855
231866
240482
241799
1376408
250337
247979
239920
239628
1380523
250858
248082
252341
244170
1367780
249490
240953
242990
241855
1376325
253231
242940
239793
242626
1756620
261126
229329
241462
241744
1386233
251387
250267
265710
260345
1468133
282348
258674
253793
259094
1468401
289028
252441
249244
254890
1436769
284212
253855
243466
243225
1444822
297365
279664
276682
246335
1389228
260077
244952
244233
244984
1382411
263848
244137
245576
245784
1373566
264604
244200
244253
237850
1373481
264058
246628
244440
249803
1371015
257428
246187
245819
250650
1366665
252239
246416
244463
249853
1372494
255940
252289
245764
245737
1391578
256463
266962
247744
246846
1384281
258075
253887
256894
249510
1359827
259385
257440
247114
248109
1387965
259107
256308
249768
247759
1376435
258352
248678
248503
246301
1379007
258821
251367
249643
236373
1381921
259007
253226
247615
249775
1378235
258796
249307
253797
250202
1389170
261580
250625
256932
262134
1770049
268879
257598
249437
250880
1380442
271726
261319
250638
250589
1396955
262712
257743
252487
252394
1394086
258215
260417
252113
249823
1379808
262102
253715
252622
249958
1385484
260137
251750
251449
251335
1379943
261470
253210
250610
251006
1390598
263157
253093
243309
251650
1413042
262467
252968
240344
253745
2152899
423374
384798
264346
259242
1490659
267867
262905
254406
254431
1409052
265862
261951
255045
254789
1399919
267048
260631
253569
253727
1384291
264076
261508
256739
254308
1384937
265081
261989
255223
254865
1389799
265695
264617
244351
256568
1420892
267404
263157
256288
254354
1391588
265226
263650
256373
256468
1400360
277307
264356
255496
257789
1391896
266118
268814
257418
254645
1388199
264602
264881
257042
256661
1401077
267739
268055
256764
256762
1783697
286307
257198
255442
245150
1409438
276970
258401
258037
259481
1400380
289055
259701
258683
267188
1420381
276251
258210
258114
245546
1401278
289792
258839
256256
270568
1423601
268667
259440
256661
258523
1404164
268789
258376
258252
259188
1408810
271698
260084
259481
259280
1406249
274018
259029
260347
260107
1403400
270781
260653
259924
260370
1383539
260907
261364
249668
259731
1401633
269200
261322
260052
259646
1402500
270132
261232
263217
261798
1402913
271789
265898
261019
260219
1411050
273771
263499
262177
260638
1409446
273783
291892
282541
274081
1445927
272302
269476
261170
261304
1411065
274914
252055
263312
265544
1405058
272645
269751
260755
276850
1412932
273532
263437
263910
267872
1407642
275645
267103
262773
269348
1412962
283328
263958
263673
282448
1798359
288178
264426
271295
263765
1427553
273312
264713
271253
264206
1413109
275815
267000
264604
264753
1418762
276222
272265
266479
265016
1413288
273983
272355
266080
263297
1420121
277542
273287
266148
264249
1415250
276118
274665
266472
266810
1410794
276978
274447
264251
265298
1418218
277602
285420
267777
265359
1410892
278800
256839
266644
272633
1410836
277524
265885
267747
272891
1417720
279426
268656
265747
272237
1417354
289151
268065
267173
273841
1436586
289054
269471
266888
272194
1423047
286261
267346
266193
269954
1413927
267245
268826
274931
267045
1414237
279589
269140
275267
268834
1439929
282102
269718
274392
269033
1430482
281764
270152
256669
269606
1427913
281378
268937
269235
269629
1420497
279702
274409
269305
271219
1425518
282117
277747
403140
303406
1876981
294049
269526
277216
270554
1467815
284420
270916
272412
270889
1438105
281401
278148
270433
270629
1438002
283598
291649
269588
270300
1431396
283446
268741
274072
277176
1431559
284904
274723
272821
276995
1430021
293090
296435
289399
287552
1553266
310031
280749
288758
286914
1528106
301371
289356
276657
273881
1510914
307225
274088
275113
279564
1451656
294959
277088
274705
282227
1435631
295412
275422
275647
276011
1444839
296287
277797
282731
276590
1443269
289181
275419
282007
275446
1437362
287051
276882
263064
274831
1629288
294580
284272
282024
277161
1441517
289024
282689
277006
284591
1433030
298387
279769
278322
283608
1434160
298507
279694
275946
276820
1422511
296743
277041
281426
277126
1422057
288577
277858
289369
277404
1442409
292125
279151
285289
278088
1812576
283663
277958
278707
299341
1469290
299736
280907
278917
278705
1437024
300086
281830
286515
278865
1431519
293004
280772
284297
262284
1437323
293000
281867
276755
279421
1433393
294009
283706
281687
280291
1436892
292281
291206
280900
281100
1448469
293816
289073
280120
286004
1431793
297748
283247
280448
288569
1435696
301795
281438
397802
362494
1546806
300001
290401
283235
282994
1456414
293694
290281
284264
281638
1445279
296648
283412
281608
289031
1442359
302283
285066
284756
292002
1434668
302779
285227
283867
284235
1441517
294716
286071
300717
287737
1449173
296430
286535
295292
285232
1454011
296588
292381
284156
285332
1455981
296603
292709
284390
289561
1446501
298385
285966
284904
290812
1440921
305240
287204
298836
301404
1497909
298948
286189
292714
286335
1455667
615079
331653
284914
292311
1502292
291597
287926
460045
459725
2179981
361441
312397
300359
291053
2369243
469199
321012
289842
297691
1549064
316235
291759
298097
289571
1476823
305950
291045
297274
288472
1466432
305940
297776
289602
288519
1478630
301635
297274
289940
288545
1477017
313599
288930
289547
294804
1460529
322590
295984
298786
291681
1469636
304820
328275
330867
299975
1506957
307222
299569
292789
292133
1469213
304123
276171
291669
705479
1480649
307876
292283
280721
292849
1459706
307207
299505
293997
292223
1454660
304824
300419
292732
297688
1451530
310989
294902
292716
287021
1474876
302576
295220
299788
292749
1463257
307300
296496
299988
292920
1464603
305268
304722
295258
294907
1471185
292519
302469
295076
299098
1461653
293604
294844
295140
299494
1801268
333132
294418
296242
296478
1521488
294613
303952
295115
300900
1462452
300417
296105
296458
312542
1481308
302855
298357
301582
296600
1475633
295576
297172
300882
296793
1468817
293158
303175
297289
299121
1475525
293200
306142
296384
301506
1463430
304120
298317
298350
303050
1461222
303812
297703
305671
298994
1475844
296661
298936
302599
297217
1463996
295739
307084
299723
302046
1473581
296893
301587
298951
304401
1473463
306350
298349
298424
298242
1469233
300529
298966
307052
299056
1474104
310916
302081
300129
298745
1471578
301830
307771
300116
305594
1471451
303632
300867
299826
306278
1469797
305191
302201
306679
300617
1479131
300372
302076
306465
299797
1476487
299377
307501
301043
301158
1474929
301815
299823
301396
307889
1474878
309530
302818
302058
302431
1479763
316546
303464
307743
313016
1895518
334019
302386
301878
307553
1483714
308553
305564
308711
302787
1487653
302258
303002
300770
302775
1485726
300364
311643
303892
307708
1484678
310537
304674
303483
303138
1478685
309636
304040
308901
303822
1481155
305676
306408
304138
304386
1479602
302777
314925
305982
303502
1481218
306866
309443
305860
310730
1487157
312096
307789
313016
305153
1484957
305052
307503
308292
304987
1500801
305060
313497
305363
311347
1482624
311728
306985
306017
305494
1480514
307022
310926
316918
309806
1493326
303995
317012
310991
308623
1495155
305784
319044
310435
316163
1487888
314489
315148
312253
321598
1497416
306135
314331
316905
310786
1492867
306368
320403
312693
310903
1494721
313642
317187
312116
316904
1495649
307172
314775
318183
312379
1501189
306298
323159
314920
313078
1792199
331548
317125
320448
312249
1505359
308545
315478
315992
314359
1505621
310202
324655
315326
324765
1509190
315498
327676
315913
313825
1514951
322467
316290
313444
314457
1504291
322791
324988
315183
319763
1499440
316624
317100
316205
314406
1495824
320523
319305
323523
314722
1504975
322164
335559
316306
316361
1508355
331470
319302
319661
321488
1503489
324988
318669
323750
315474
1524645
324183
327311
318378
315999
1512109
331551
319841
317776
323763
1505646
322773
320047
321775
315185
1503254
323926
326857
318411
318328
1503758
332295
320738
318443
323896
1505269
313073
318611
325522
317030
1511888
326176
325254
318220
318638
1506700
325590
319330
319180
371369
1564973
341571
323532
329749
346282
1552675
359782
337221
322936
326228
1531604
336382
322234
326747
319796
1816440
333395
324580
321097
325895
1526144
325860
325848
329709
320077
1524079
334628
331190
321760
321267
1519835
337316
325141
322505
323645
1514482
331408
323933
329421
321760
1522072
331819
330250
322081
326599
1521367
339253
322575
321072
322154
1535255
333174
324472
323189
320137
1526628
334964
331761
323434
330496
1520972
339664
323961
329180
322447
1525748
332545
323905
324810
324314
1519098
333613
325277
322101
329373
1525254
340704
327354
331877
323970
1529279
333723
331801
324627
323597
1521493
341867
326158
327003
323124
1517677
335267
328932
335310
322495
1530331
336472
334202
326657
331821
1527798
344157
330060
331924
326035
1534804
336490
338788
327602
325437
1523633
340436
329441
327218
332446
1523593
337642
330353
333066
325251
1523917
336172
335720
324512
331115
1525365
343553
327882
333077
326040
1829720
339695
352546
329854
333212
1551304
346375
329523
336554
326559
1533733
338221
337788
328421
315271
1541765
345297
330187
329158
327496
1536184
338637
330849
337562
328786
1533854
340336
339596
331365
333701
1531511
346543
332323
337341
330197
1538427
339271
338394
330363
329007
1534754
346497
333565
331817
327577
1539249
339589
333701
341010
332084
1538302
341862
331330
330879
336344
1545882
350011
332215
335883
331169
1540096
340596
339459
332024
336603
1538437
349858
335059
336740
331035
1542346
341729
333790
335345
332933
1540693
340654
332751
330548
337434
1536290
341438
335399
339176
331944
1542887
342045
330591
333841
339924
1545854
353965
337855
339378
331243
1544172
344167
342521
335841
336449
1545172
350602
337669
338482
334623
1546177
344586
338045
335344
333953
1851465
354952
341122
345410
336790
1545676
345926
344004
336217
340248
1546005
355340
337043
340775
335545
1549204
347384
345323
336249
333450
1545959
349359
338506
345858
335332
1552158
345755
339900
336878
335176
1550031
347096
336963
337176
341193
1539958
349229
338562
341097
337524
1541807
347993
345129
337256
344598
1549264
354450
340434
342638
337149
1560871
348499
345760
339599
344070
1563890
358354
341985
345067
339271
1555063
351246
349454
341508
336670
1548197
369145
345422
345397
339697
1555669
349978
341939
341651
339556
1571546
362561
345986
344092
341486
1574718
351186
349903
342679
340925
1560064
355208
343758
341792
339201
1568912
350946
343325
342215
339571
1563846
349251
344380
340496
345215
1555228
350031
344491
335109
339927
1561914
351120
335342
341980
349993
1858937
353647
352321
344423
348016
1569949
359700
344282
349534
342317
1564211
352914
353594
344663
344686
1558508
359279
