1859018
1489312
1471180
1447756
1488334
1415187
1351195
1289027
1367164
1401127
1393873
1380893
1345010
1336867
1427349
1301496
1410483
1335013
1342477
1412736
1608432
1380447
1345440
1335135
1324939
1403237
1319276
1384366
1344277
1341079
1305766
1370570
1364508
1307237
1368337
1381722
1353382
1342437
1339648
1332619
1362441
1380482
1377014
1305518
1419858
1343830
1330227
1373752
1338335
1325378
1331564
1307116
1367186
1305102
1352215
1319133
1314513
1399350
1617128
1383960
1419843
1369582
1377651
1286348
1380798
1346709
1337646
1358348
1345389
1407890
1385210
1382827
1334249
1310730
1334276
1382309
1357897
1337408
1351468
1398752
1324945
1313369
1341625
1332775
1369530
1312561
1319467
1304716
1317926
1347323
1316298
1322055
1395792
1335875
1362980
1339386
1334695
1674654
1349446
1340979
1368770
1313869
1344695
1328397
1343770
1319594
1385907
1337293
1300589
1423451
1300168
1358970
1409985
1348697
1416006
1381958
1372458
1354071
1331630
1326491
1334977
1320572
1293490
1356838
1420190
1414267
1322942
1407898
1333499
1395015
1349469
1362531
1348100
1352523
1407639
1604215
1309106
1420711
1345003
1352430
1344968
1365359
1369509
1355016
1369164
1426964
1385533
1379547
1345444
1432071
1336840
1404462
1407374
1355863
1346814
1305195
1291458
1396930
1317167
1404665
1388543
1398268
1339558
1327796
1365516
1333452
1334382
1350834
1362939
1347238
1410080
1384729
1402921
1646508
1401112
1408554
1328497
1409261
1342563
1411801
1334348
1407193
1409491
1365545
1336341
1387891
1403280
1416206
1348589
1370775
1327040
1433291
1331778
1412911
1392843
1343199
1369577
1415596
1353949
1337659
1331730
1326177
1345259
1361754
1321485
1332550
1381099
1386987
1313195
1404006
1372103
1366287
1396556
1662810
1350927
1392146
1396619
1370507
1330250
1366292
1319008
1362961
1380966
1339142
1280279
1385671
1426623
1429549
1335233
1379099
1403220
1405848
1404697
1355412
1399137
1405514
1321251
1404029
1347369
1353575
1337305
1365551
1356575
1376097
1353297
1407286
1393041
1335960
1365538
1351586
1388523
1624975
1401776
1365764
1387886
1401710
1336569
1325510
1351490
1332843
1368530
1385629
1369738
1339984
1406887
1290774
1388400
1320269
1340159
1336398
1373461
1283833
1353300
1339809
1371288
1344587
1349496
1304438
1349937
1394005
1357915
1407349
1342688
1351441
1390879
1373251
1302425
1353961
1338687
1668628
1349216
1383226
1371053
1351681
1353491
1362237
1297224
1361143
1350318
1415868
1390603
1327337
1376971
1345234
1382324
1406657
1365988
1400228
1352039
1383329
1408243
1397120
1369141
1359930
1343227
1304944
1328764
1348599
1345158
1421411
1372456
1373363
1375142
1348755
1338731
1392455
1394875
1304122
1631826
1363543
1402141
1378956
1343079
1342327
1325962
1394179
1301945
1328556
1352027
1381131
1381655
1315856
1380229
1383860
1361669
1332276
1331865
1326488
1366252
1376125
1350320
1350022
1363178
1349206
1417542
1317523
1310988
1378904
1358494
1340936
1382334
1387328
1381976
1355880
1335457
1336143
1612111
1322680
1476723
1359170
1342427
1341114
1293834
1358555
1350260
1346246
1401152
1333659
1345572
1356976
1349679
1400371
1368658
1346459
1348506
1357805
1292992
1388411
1331246
1411849
1293775
1357407
1310138
1326233
1451952
1312075
1370502
1325751
1330851
1295524
1312419
1371459
1397952
1330415
1463578
1801838
1405628
1484313
1426034
1425245
1404199
1395582
1353403
1345339
1410000
1304290
1359369
1308299
1327050
1355207
1394329
1353934
1320129
1335351
1305856
1365387
1331740
1371777
1330086
1340987
1304385
1370647
1398105
1364974
1421959
1318106
1323068
1328791
1333384
1444745
1370847
1398468
1371815
1678571
1410020
1425393
1378026
1413265
1361569
1339405
1362541
1324474
1398666
1383442
1349804
1356557
1356627
1376969
1337714
1375763
1413909
1292372
1358552
1360393
1342938
1312847
1338879
1423611
1347847
1346386
1374957
1372348
1330488
1383319
1404354
1364839
1358920
1420386
1361802
1427883
1427370
1366069
1611321
1393033
1356828
1391783
1326148
1352465
1387641
1387654
1408201
1421471
1326563
1392362
1321800
1341144
1356286
1428487
1361206
1373925
1310346
1327328
1343122
1382858
1357073
1432541
1411153
1434732
1414941
1374511
1345171
1332539
1411578
1385410
1320935
1431429
1329991
1377743
1376200
1412480
1421263
1690841
1331519
1395948
1397521
1421990
1370892
1408046
1381903
1384849
1391880
1359363
1424796
1380402
1328826
1347458
1327035
1350148
1373416
1406795
1393446
1344805
1305092
1391357
1327102
1351450
1394367
1336439
1367858
1439976
1333256
1346357
1340165
1372557
1406585
1343748
1350004
1407100
1354520
1645844
1330933
1426117
1422621
1399701
1389325
1391410
1372449
1412603
1382785
1390658
1383572
1340558
1371502
1400716
1419960
1359444
1392372
1418454
1360391
1405991
1357502
1375926
1387493
1375110
1310396
1302633
1387601
1371226
1379216
1356652
1361479
1359982
1299071
1362455
1380407
1374418
1382309
1403400
1656799
1355770
1419715
1307507
1421478
1359944
1404721
1303017
1368344
1352250
1363551
1346442
1316781
1336674
1334184
1356362
1405517
1324298
1299286
1326087
1361751
1324715
1319033
1361173
1381355
1358469
1411172
1340243
1307991
1324400
1350190
1416033
1325894
1316866
1305062
1351862
1373950
1392284
1323947
1643200
1369367
1344287
1391269
1434341
1397015
1368172
1381377
1384151
1316628
1334216
1360418
1339674
1385952
1323108
1312323
1370519
1447671
1347634
1395810
1385641
1407571
1442249
1419464
1391502
1374784
1409340
1351712
1412120
1423440
1356026
1410957
1415485
1391572
1379011
1353801
1419449
1392677
1437104
1631806
1354424
1416525
1376924
1340327
1324642
1406336
1404357
1353643
1403337
1464765
1395128
1407742
1435618
1367893
1341886
1382977
1404044
1354695
1412245
1395254
1382537
1405808
1336862
1362699
1347266
1369910
1407787
1407644
1392515
1409552
1438744
1484283
1378749
1346431
1394717
1383166
1428197
1696442
1399228
1445379
1372088
1446691
1451480
1425308
1396148
1338281
1409469
1376345
1380126
1349326
1445614
1409727
1375441
1392394
1405396
1364967
1413117
1375090
1347932
1389934
1380041
1440703
1364133
1412372
1439305
1417815
1412684
1453835
1400175
1417129
1390761
1415635
1435884
1415304
1377664
1351703
1912247
1393527
1418306
1345609
1404507
1420767
1414821
1457181
1429630
1337007
1412300
1415044
1344306
1366939
1331016
1405893
1461052
1378019
1447839
1338686
1421286
1398513
1336211
1392305
1439312
1412498
1358700
1374804
1339032
1437308
1416828
1469787
1354307
1400272
1388678
1415092
1359824
1390761
1725998
1409657
1426087
1364833
1347083
1431946
1362661
1420080
1353400
1392985
1338262
1430973
1439216
1417813
1383346
1420434
1408446
1417820
1444143
1344801
1346502
1423162
1418095
1438490
1344133
1344209
1431023
1417147
1395624
1371427
1432669
1346785
1424596
1435664
1483649
1503239
1413543
1549249
1461771
1726278
1384175
1435613
1496772
1398889
1381196
1429499
1375079
1437761
1379771
1412042
1362794
1443559
1440743
1413322
1336225
1461069
1365766
1437120
1398811
1452314
1345031
1423854
1436571
1359910
1392226
1327350
1455009
1439374
1384491
1421649
1351037
1366974
1427820
1436651
1446704
1456727
1415497
1729603
1461974
1405252
1447727
1371268
1429772
1387641
1431039
1407918
1422494
1437408
1367512
1400210
1335804
1350806
1437733
1345807
1396629
1433321
1345608
1440101
1365485
1397734
1380562
1385872
1424951
1389936
1412069
1435751
1366059
1462593
1395289
1358359
1413721
1405554
1447013
1365375
1433048
1403695
1446970
1748857
1455273
1467765
1425317
1439598
1447155
1448912
1387556
1364213
1380888
1431610
1400478
1427184
1368782
1431268
1441993
1372554
1421008
1429236
1427064
1438152
1404868
1396316
1430332
1431827
1444611
1427114
1376114
1410638
1439372
1459028
1399696
1366259
1440250
1368886
1449686
1389733
1377573
1690954
1420586
1445629
1394532
1452989
1429462
1339962
1445146
1423183
1400150
1401027
1355440
1434619
1344838
1376122
1442028
1480702
1467426
1399599
1459792
1422400
1396782
1454722
1379219
1363899
1356071
1373694
1451259
1474082
11884771
2233772
1472433
1564141
1419825
1459348
1404705
1378986
1450581
1401149
1463182
1430617
1406204
1427908
1393076
1352624
1451270
1391076
1441705
1398784
1351225
1357840
1397538
1424511
1439650
1394316
1441577
1383008
1429412
1375469
1360597
1374772
1392174
1458579
1437533
1462601
1450149
1436351
1429559
1417517
1354079
1408632
1405422
1445428
1445295
1446478
1413307
1435731
1430081
1394843
1423163
1413468
1402267
1442263
1359935
1348018
1420010
1363193
1428678
1432815
1420965
1391563
1430274
1411789
1402307
1411501
1395010
1411568
1434822
1435469
1438508
1452282
1369261
1429931
1388245
1429226
1353104
1381896
1434067
1436879
1385007
1397419
1435997
1426004
1411762
1388571
1352904
1384762
1429593
1418471
1366904
1366728
1349191
1428488
1434053
1347639
1368046
1397741
1433081
1348950
1410777
1375989
1430835
1433166
1454697
1358070
1438748
1341696
1432504
1363282
1382699
1379678
1447558
1445644
1363458
1407794
1455878
1360710
1443336
1389415
1450525
1384481
1415565
1514467
1478491
1388260
1454554
1454066
1478825
1390833
1380520
1452227
1446882
1453294
1406654
1353721
1437052
1432534
1445198
1413032
1360002
1363350
1442976
1444066
1372256
1409989
1349506
1368475
1443188
1408244
1406660
1402676
1406472
1447298
1415555
1445482
1456324
1406504
1451368
1354906
1362348
1433353
1399466
1437478
1439467
1414603
1400066
1353505
1444349
1438641
1416382
1358828
1387688
1448330
1374774
1403838
1358839
1379971
1450578
1383176
1426204
1454152
1369933
1449338
1389017
1411771
1431993
1377402
1440993
1466063
1437433
1413282
1366369
1446553
1436125
1464041
1435613
1411455
1444200
1440688
1415951
1439766
1387947
1573921
1436932
1478848
1380540
1410443
1456915
1470912
1426961
1376984
1384784
1456283
1416019
1383702
1417534
1439289
1452259
1399002
1436465
1356675
1403891
1458195
1445459
1427460
1448736
1400312
1457528
1382328
1586009
1426382
1454863
1499921
1452818
1392056
1495533
1524818
1585229
1465392
1462139
1486020
1404201
1490036
1396437
1433353
1452954
1442357
1488086
1417502
1467810
1457955
1457358
1470731
1386009
1491908
1469076
1450736
1492003
1433446
1480038
1420577
1416813
1462037
1442079
1696538
1454071
1395774
1538279
1428771
1443439
1438861
1418873
1487653
1398947
1447192
1411523
1409158
1475237
1425608
1385952
1449475
1447221
1441008
1494308
1424318
1371664
1465151
1493561
1402590
1387218
1369524
1452091
1481965
1412235
1413295
1438791
1446145
1484090
1421574
1495040
1387436
1438695
1473347
1440016
1479264
1397539
1479018
1472569
1448152
1395000
1410829
1473516
1474889
1398506
1465479
1396186
1437227
1451402
1482143
1365269
1478013
1356512
1472598
1445165
1460140
1384810
1441945
1457080
1435972
1452144
1431639
1425939
1472478
1469105
1478238
1424819
1459822
1467046
1439936
1438242
1358652
1367597
1450438
1424032
1386067
1437140
1419572
1468800
1432033
1362693
1378691
1389518
1459491
1390505
1424604
1479519
1432529
1474754
1416613
1423531
1401691
1442387
1472308
1396241
1397180
1376989
1414042
1488969
1410932
1465380
1430191
1371203
1477856
1443091
1447653
1389844
1431990
1453911
1388305
1376767
1425215
1366703
1466988
1389109
1401412
1348303
1421719
1467186
1394940
1466239
1441520
1434684
1477394
1455427
1415287
1435231
1407547
1476292
1389167
1432512
1457877
1394402
1459473
1429457
1444211
1405377
1387996
1509859
1434040
1438931
1478216
1381036
1452211
1441490
1474931
1443770
1377904
1472363
1398586
1485688
1402127
1457822
1487132
1415079
1384604
1438467
1460338
1472312
1450174
1429760
1451578
1436393
1482701
1491862
1450546
1488929
1446960
1491234
1389566
2082508
2023394
2105417
2289092
1926969
1785018
1464971
1446844
1556178
1381863
1460012
1425877
1373027
1478412
1445915
1400904
1449533
1455707
1489978
1491419
1424656
1386383
1414531
1487425
1448834
1475415
1366084
1404770
1493170
1435103
1357953
1468299
1344104
1490224
1434421
1441142
1444008
1456318
1531353
1448120
1453407
1390179
1450605
1464775
1473135
1435002
1422201
1426199
1498432
1413069
1490502
1444336
1385945
1498556
1438505
1435135
1465024
1451508
1484543
1383151
1409969
1410962
1423683
1472245
1393550
1477918
1420549
1461701
1475470
1426303
1368076
1373060
1387218
1501295
1508160
1453142
1406153
1417440
1502840
1458957
1388343
1404983
1377044
1492451
1434501
1411210
1458686
1432950
1494696
1428984
1434578
1412839
1392420
1453251
1471368
1385714
1426768
1453868
1504918
1485728
1411977
1391290
1469997
1470043
1484275
1471176
1400583
1402703
1506105
1482285
1444702
1443581
1400145
1510001
1490938
1438415
1445950
1412453
1499515
1419316
1386962
1409198
1478697
1513041
1449999
1476891
1486675
1470777
1560522
1449247
1442339
1379432
1399440
1529226
1414079
1422912
1460721
1427888
1496336
1469471
1416828
1438748
1445564
1507100
1520613
1450640
1432610
1398316
1524049
1411423
1435385
1355697
1494058
1517950
1413205
1428304
1500934
1459358
1510443
1455800
1402761
1496160
1489345
1527266
1406171
1458842
1436944
1499047
1521290
1444694
1473673
1423844
1410386
1476683
1452497
1480502
1474520
1500903
1519861
1443560
1403813
1819595
1456323
1637713
1490615
1501500
1480714
1516399
1540790
1504442
1483020
1488620
1433146
1515562
1410092
1491950
1501645
1488177
2427507
1962570
1472030
1445990
1514342
1681630
1560046
1506912
1526713
1445454
1572442
1432013
1481463
1424588
1483769
1548400
1510069
1517814
1512944
1452121
1532015
1433075
1416966
1481907
1441918
1524763
1463593
1459696
1419076
1402612
1538112
1452547
1448458
1457123
1417312
1517168
1437085
1478083
1506206
1416344
1536758
1416850
1523070
1635246
1467061
1591443
1428370
1438337
1457885
1501870
1535312
1474084
1404272
1409862
1800152
1545703
1489948
1416051
1418865
1436984
1540068
1497939
1459190
1481892
1389137
1539349
1508902
1387238
1401666
1460987
1513893
1457745
1478406
1474756
1511595
1528191
1489399
1489350
1500505
1484105
1529707
1507912
1431940
1503891
1458822
1515930
1509738
1429612
1463101
1454416
1528818
1410464
1479892
1398000
1460268
1537697
1433413
1439345
1454314
1464204
1523836
1460022
1522896
1480565
1458519
1523734
1493316
1492101
1424751
1461767
1536197
1472584
1441151
1434749
1500573
1523205
1500207
1420379
1471636
1401731
1536024
1528672
1463418
1411115
1480386
1543474
1520566
1457326
1438200
1414708
1509886
1487656
1381893
1385163
1471075
1513926
1391808
1424270
1422541
1412912
1536924
1506462
1414868
1502750
1461476
1535500
1467356
1435165
1480670
1439417
1555832
1445406
1451044
1407832
1454677
1559658
1416513
1455552
1469802
1439528
1538041
1505564
1460310
1421473
1465134
1550743
1479978
1421682
1420536
1496671
1536565
1532389
1434198
1440221
1505827
1533576
1454718
1424308
1512182
1412601
1545812
1484428
1434729
1481622
1431752
1566805
1471132
1426923
1454645
1470381
1540399
1468764
1488718
1415179
1505461
1553283
1415164
1405963
1420775
1468328
1542746
1454484
1437726
1399576
1493040
1506509
1534676
1512888
1514314
1430617
1553308
1508200
1428001
1494146
1485290
1542541
1513494
1487788
1472228
1404093
1541727
1450593
1441131
1510630
1432729
1541063
1445326
1424758
1444812
1466587
1550587
1527216
1484267
1471746
1507406
1546914
1469303
1457837
1492391
1481591
1552938
1412277
1453078
1407529
1452514
1542160
1534728
1414265
1487117
1440127
1544633
1520616
1443179
1461912
1449054
1544807
1446215
1524024
1478289
1420684
1548367
1445458
1513033
1453354
1495734
1543789
1506554
1497024
1429179
1449021
1563224
1483591
1444900
1470187
1404638
1550574
1466983
1457338
1473315
1529878
1549064
1470869
1468469
1391756
1488009
1565657
1514051
1486578
1399123
1469907
1556496
1482960
1489635
1499435
1441615
1555519
1417068
1484969
1411977
1521285
1563783
1525169
1443299
1488994
1526795
1534215
1445083
1464582
1517011
1434065
1563246
1397406
1494334
1444337
1510954
1581676
1410053
1465226
1430329
1412591
1553923
1519115
1490289
1466372
1447293
1555857
1436513
1408957
1437097
1494526
1565978
1496040
1492186
1461862
1424506
1554622
1527387
1512790
1497704
1443366
1555092
1466993
1499432
1456714
1444554
1552399
1423183
1461783
1482809
1475463
1555767
1451663
1489322
1428194
1486175
1557987
1527069
1445797
1453299
1476252
1569449
1496536
1535205
1480744
1448321
1573592
1444053
1485942
1487139
1511451
1565662
1467041
1487771
1510032
1499537
1577233
1515765
1478998
1510658
1480647
1579594
1489332
1517491
1438066
1491770
1561607
1522039
1413388
1503693
1464966
1532027
1521528
1485315
1462488
1490951
1553680
1521400
1538788
1457215
1425202
1570102
1489269
1443597
1491066
1445819
1571877
1539858
1420088
1503903
1459847
1578734
1488164
1529233
1464690
1451631
1552168
1417053
1395506
1412713
1389565
1536676
1483681
1495468
1424806
1493404
1582273
1496834
1502517
1418742
1448315
1550959
1519569
1505038
1469003
1484405
1590600
1478978
1452723
1443772
1509789
1583874
1515632
1508676
1502627
1513024
1578431
1431611
1519115
1440605
1468750
1579002
1545388
1448277
1440696
1508073
1581485
1536352
1417366
1498623
1480209
1584217
1456732
1420699
1517129
1471090
1561946
1544393
1424443
1475701
1447624
1582561
1433724
1420354
1504429
1437097
1583370
1503609
1529912
1449551
1423947
1587158
1482689
1455409
1452136
1489164
1592163
1456151
1506193
1442757
1509285
1573202
1499159
1502304
1444742
1488775
1575860
1489434
1508080
1501012
1476748
1583959
1485127
1436022
1455116
1437756
1578444
1505349
1488029
1410669
1444782
1586046
1527238
1524731
1415164
1392355
1553509
1533761
1455421
1483747
1545621
1593999
1441457
1467868
1474297
1501452
1580125
1408692
1455910
1510155
1519990
1587875
1454314
1454663
1447335
1495962
1600482
1481965
1530115
1426583
1430484
1599993
1490846
1477347
1509536
1428081
1594896
1529146
1412674
1493983
1494872
1593922
1474724
1496003
1433746
1488520
8768960
1489540
1440054
1495095
1489843
1626474
1495253
1448596
1431144
1515868
1593177
1427786
1461864
1508277
1464976
1571701
1524079
1461153
1486024
1462483
1574828
1495679
1418993
1432026
1473636
1700293
1477550
1403640
1426748
1430545
1559427
1418099
1476377
1400676
1479660
1529309
1527617
1521022
1497879
1479309
1576216
1473085
1508070
1508260
1501127
1591845
1422255
1534839
1454444
1469344
1584919
1488946
1474478
1506226
1508356
1584134
1445359
1465547
1470280
1495869
1564173
1455872
1416640
1493316
1448862
1584856
1431577
1515782
1477470
1476026
1574101
1494552
1447305
1477049
1462999
1596017
1534295
1513861
1528750
1537545
1565208
1538294
1549670
1477069
1497375
1571472
1491998
1463741
1443088
1497338
1567571
1485042
1476292
1426205
1502134
1560480
1403334
1465234
1386305
1418754
1570203
1472688
1438563
1426254
1507160
1558711
1492038
1519606
1494574
1411977
1567260
1444338
1404823
1476089
1500255
1557595
1468526
1398826
1482536
1513470
1586472
1447420
1431667
1440307
1530056
1575802
1457464
1438395
1518925
1418895
1557606
1425688
1504852
1416129
1486510
1577053
1455374
1460000
1521817
1505075
1577011
1408331
1439312
1410806
1442845
1559297
1466707
1424316
1413391
1513705
1602309
1493371
1505431
1422217
1452459
1573555
1475205
1489533
1423912
1449189
1582132
1485235
1516973
1450192
1512134
1557669
1518223
1512462
1499933
1472553
1587653
1525761
1469890
1444363
1425691
1592922
1531451
1496774
1460102
1453795
1574224
1514199
1487463
1463267
1462801
1557390
1425701
1428673
1456875
1493421
1578031
1493299
1402788
1397028
1424793
1596220
1461628
1485446
1539501
1512049
1586149
1505614
1448844
1515058
1436338
1592156
1536691
1498889
1430038
1467920
1552168
1469178
1544321
1471345
1498708
1591228
1447148
1431649
1511453
1532619
1591757
1431970
1470592
1475630
1513570
1590423
1468611
1501976
1422077
1539411
1609400
1472896
