1844018
1388145
1358318
1343309
1380866
1313779
1319405
1283246
1300556
1359734
1355861
1338739
1312278
1265880
1377363
1265125
1358817
1310647
1277536
1718212
1325684
1362639
1320843
1314658
1294550
1373995
1287779
1368753
1306570
1355222
1389345
1509650
1430773
1368106
1437338
1481554
1356572
1353863
1353598
1353387
1364265
1390011
1355231
1303699
1392743
1390009
1326940
1412255
1319913
1323325
1285101
1329115
1339317
1318884
1356667
1320239
1295104
1354938
1711789
1414580
1385774
1401728
1409433
1339480
1367119
1369449
1331256
1353620
1301927
1402848
1362331
1384857
1313221
1317996
1381612
1389621
1344622
1317984
1323830
1399786
1329570
1306793
1346084
1307415
1357214
1302410
1334770
1348815
1342225
1355680
1329485
1286078
1384206
1344147
1358121
1367706
1712877
1407146
1357554
1331405
1353879
1303565
1353052
1321877
1345778
1321374
1390545
1366355
1334793
1400210
1301078
1329695
1410270
1319533
1423599
1392326
1379031
1358492
1339580
1330385
1340027
1309602
1324734
1321534
1435656
1367727
1333078
1389451
1339504
1379580
1352884
1334419
1351969
1317778
1729603
1334870
1282339
1397874
1340420
1342843
1336195
1392001
1347429
1336814
1345850
1421449
1369687
1378625
1324231
1414299
1326849
1391222
1392733
1338982
1344179
1303723
1299794
1404347
1324344
1382158
1405805
1381496
1359855
1356431
1367941
1326235
1353312
1339909
1335659
1335301
1406036
1374205
1387142
1709149
1427706
1419514
1312897
1391741
1336310
1407238
1325729
1385436
1395296
1318430
1326237
1346507
1400543
1396902
1330257
1367951
1337173
1405928
1335181
1355210
1386263
1338423
1394877
1400744
1327310
1309289
1320545
1311822
1347536
1325940
1339430
1303558
1406130
1398561
1331718
1405923
1385609
1671853
1433036
1357023
1339333
1374102
1395015
1356432
1330453
1361735
1322537
1359632
1405660
1335163
1309657
1358769
1395381
1405657
1340234
1395168
1410724
1378074
1397686
1338922
1414933
1392986
1315605
1374842
1338498
1335328
1335927
1372765
1361300
1328325
1349409
1381970
1379863
1307299
1345171
1693132
1427399
1348642
1404437
1366024
1373033
1414892
1341798
1345369
1345985
1359333
1386776
1390152
1385829
1343377
1418895
1310168
1398363
1324795
1335562
1360792
1394722
1296056
1374275
1341678
1393855
1343906
1358053
1303916
1343871
1400553
1341272
1413037
1339793
1344578
1390693
1378976
1313962
1363385
1721970
1433930
1378883
1414157
1392117
1353553
1363559
1368612
1318429
1373932
1343434
1432980
1394772
1345502
1362686
1336058
1373822
1403006
1370204
1400042
1305844
1406494
1410220
1414510
1386255
1340914
1343672
1307319
1328357
1357637
1346707
1428663
1379755
1370434
1414729
1347389
1384824
1408021
1742858
1359096
1341476
1372937
1404990
1409787
1346709
1361974
1329417
1432061
1298737
1341337
1348136
1393256
1383096
1332142
1381895
1356171
1355532
1328457
1340403
1315423
1348672
1380599
1345284
1353445
1354034
1348295
1417147
1308201
1313869
1395612
1355638
1339862
1382332
1390272
1369931
1350105
1332577
1676877
1357810
1310428
1378004
1332978
1365501
1338561
1309441
1356525
1367490
1357780
1424756
1348053
1344416
1379064
1354740
1411002
1379876
1358872
1373416
1389924
1303342
1392093
1358289
1445925
1320329
1381750
1339693
1358720
1485080
1341192
1400792
1352368
1365247
1323764
1346877
1392201
1418605
1720096
1430978
1419858
1309293
1371183
1369973
1420251
1426989
1403452
1389826
1350251
1433178
1324952
1378640
1332795
1361706
1364483
1427628
1371531
1345496
1368324
1333319
1386699
1348481
1386171
1354717
1359992
1326039
1380613
1422171
1364861
1423370
1325652
1329475
1347131
1375909
1410464
1397375
1373506
1688236
1415255
1429292
1410641
1391515
1420373
1360324
1347529
1390475
1321838
1407359
1364388
1360719
1364275
1390954
1399759
1362915
1390157
1428528
1321131
1380793
1363879
1357366
1318076
1376500
1407574
1366307
1361857
1390247
1359318
1317703
1364826
1398265
1334522
1359815
1391448
1368342
1390085
1403537
1695991
1343602
1397401
1368812
1375228
1331274
1364067
1368249
1383722
1426936
1410110
1331257
1372184
1335484
1325413
1413701
1417762
1386303
1361323
1319853
1307192
1363732
1366625
1341049
1416096
1399205
1404369
1370674
1375346
1354828
1331001
1427705
1377530
1332979
1414154
1314569
1360837
1368204
1728357
1470087
1386999
1335057
1400817
1401014
1415013
1376067
1407872
1377548
1392562
1395809
1359484
1419888
1370639
1337077
1346572
1342909
1351743
1365433
1382617
1388358
1324586
1336825
1371822
1334351
1355089
1415180
1332166
1381926
1429124
1357828
1338323
1360336
1379538
1430993
1349197
1370758
1420782
1757752
1371376
1345617
1414247
1426337
1390402
1402060
1380129
1367204
1395772
1363316
1389661
1366082
1328070
1356818
1373062
1382374
1357695
1400764
1418542
1375401
1445351
1386701
1416432
1426814
1413378
1351839
1338296
1433235
1400308
1394775
1372066
1397093
1378257
1316679
1391580
1405279
1405384
1397579
1759470
1434299
1380354
1430893
1316087
1407341
1384787
1450395
1332177
1404316
1340187
1371383
1358336
1352102
1365324
1368908
1385346
1426191
1312018
1332392
1351859
1401753
1367504
1335103
1389760
1414097
1389283
1416134
1376911
1322284
1363699
1369434
1452372
1339393
1348524
1324386
1374024
1368600
1403615
1659818
1407595
1411248
1397386
1414678
1420058
1433165
1390490
1412974
1416262
1355056
1351305
1350008
1357767
1424393
1370602
1353273
1392597
1451247
1337088
1389347
1394439
1376243
1448007
1402913
1373568
1356820
1388408
1345687
1400300
1391943
1353192
1353460
1425310
1389485
1353761
1370209
1373318
1675198
1455813
1344555
1372762
1410639
1397810
1332000
1312117
1394213
1402740
1376109
1421780
1445657
1405908
1401976
1462551
1377691
1346189
1382725
1383373
1341279
1407900
1388027
1394843
1379069
1339630
1347904
1341816
1383707
1399303
1415753
1969170
1479326
1461107
1432687
1375137
1343550
1396702
1379432
1758790
1392505
1383752
1420514
1356354
1385461
1427314
1397737
1377976
1328087
1389352
1362048
1360098
1331492
1420898
1368851
1360701
1378818
1423573
1328470
1385421
1344863
1453192
1398733
1485633
1437470
1377738
1407946
1442891
1421308
1396669
1437483
1491324
1403204
1393833
1413431
1421999
1364220
1360492
1645658
1636845
1432489
1411578
1346976
1374501
1396997
1395411
1444827
1412149
1334589
1373967
1405685
1312669
1356507
1308990
1382482
1420948
1354245
1421321
1321655
1387440
1399779
1316987
1366898
1413854
1402287
1333893
1349583
1316425
1414267
1378923
1475791
1342938
1413450
1369331
1411877
1343908
1726110
1464605
1399288
1417796
1374489
1336829
1436703
1367472
1416136
1345234
1394635
1344805
1425062
1390422
1422273
1371153
1423243
1392261
1416823
1438283
1341081
1344231
1429685
1406206
1407792
1319339
1300702
1410584
1388586
1385336
1367202
1422245
1350844
1411526
2045673
2053484
2114671
1901595
2500459
1907562
1455427
1343580
1408825
1443106
1384451
1357499
1413884
1333890
1382697
1336669
1369574
1314752
1396804
1368653
1386548
1324303
1410376
1328155
1368455
1366718
1430707
1350243
1424223
1434446
1386516
1384679
1345835
1447511
1426187
1385446
1423365
1348126
1360128
1424255
1437555
1449493
1436092
1400004
1812192
1482905
1391382
1435105
1374664
1435440
1391031
1430116
1421293
1422108
1426397
1365139
1410190
1333843
1347226
1422208
1339543
1395644
1434406
1350826
1424356
1366513
1395043
1368149
1375012
1425598
1385454
1409534
1427024
1352375
1427713
1392136
1357231
1421404
1406905
1426440
1374486
1418865
1746381
1492457
1456980
1428274
1451124
1401373
1445729
1422100
1439287
1384754
1372023
1380665
1425526
1406326
1426763
1357096
1427495
1425959
1359404
1419080
1424430
1422381
1431815
1405582
1383682
1418888
1417246
1430410
1424247
1378161
1406404
1430013
1428682
1387621
1380036
1428593
1371226
1433905
1732344
1421168
1393705
1411931
1455692
1398062
1447847
1437255
1353681
1432369
1431492
1394384
1378403
1351718
1428211
1361664
1369514
1456507
1426665
1442718
1412811
1452047
1425019
1387862
1434579
1381196
1382329
1360884
1377255
9713417
8337671
2176235
1734690
1364290
1453545
1377818
1450651
1393382
1373218
1420789
1387478
1453101
1422283
1389147
1414099
1377573
1338523
1436876
1391778
1413174
1370579
1352470
1363646
1384666
1412596
1450618
1372834
1446701
1370387
1413032
1364440
1343733
1352728
1391926
1434411
1447330
1459737
1447414
1410850
1368560
1375210
1314811
1359061
1369532
1375463
1403547
1412496
1377300
1390543
1365275
1362395
1373882
1373709
1368202
1372937
1331390
1303575
1376185
1330034
1366583
1401142
1381019
1356753
1386446
1370762
1376092
1384373
1350689
1380304
1378084
1414593
1408348
1411558
1338461
1373133
1348950
1381096
1307477
1347585
1369739
1403495
1339824
1355134
1399794
1371865
1370193
1354530
1318279
1376896
1376924
1387042
1319863
1323323
1314506
1369983
1409263
1317197
1344655
1393875
1375784
1330051
1371006
1362794
1389112
1379099
1423132
1333259
1392638
1313859
1373421
1328693
1349631
1353650
1418206
1407163
1364250
1426032
1470388
1368945
1431251
1403575
1455242
1407905
1429961
1487503
1461252
1352921
1444474
1467311
1450705
1390653
1382740
1455798
1451067
1432920
1408376
1353360
1457797
1436105
1438448
1423789
1369933
1372426
1453831
1433231
1374679
1416808
1353793
1381322
1435796
1424378
1418750
1400375
1427374
1430274
1402563
1437094
1445750
1403918
1436545
1371539
1369221
1463126
1403450
1440219
1440154
1425242
1418038
1364466
1436325
1449450
1423628
1342799
1348446
1408594
1350203
1374508
1330139
1381978
1433592
1403688
1435403
1468249
1379989
1400934
1361997
1376798
1396361
1375175
1419317
1444720
1455149
1396303
1327301
1426011
1400589
1457800
1416610
1380460
1407188
1416615
1395321
1420554
1358632
1497273
1405111
1437819
1344316
1381607
1403820
1452815
1392357
1360306
1353244
1412446
1388047
1357179
1396963
1417881
1400345
1395945
1411426
1330104
1378159
1423952
1403608
1413070
1420204
1380715
1404432
1357843
1419910
1374689
1433502
1412165
1400786
1334740
1374877
1396805
1404149
1400372
1431527
1439971
1367835
1405461
1356958
1407622
1417931
1412633
1427335
1372855
1443261
1417594
1445012
1417141
1365516
1444206
1415876
1443745
1392387
1432221
1461505
1422892
1382244
1457794
1462160
1413505
1435596
1370076
1473020
1401615
1423964
1434669
1414487
1454329
1379730
1421341
1402465
1390220
1458476
1405901
1375260
1420501
1444036
1452001
1473255
1426067
1359170
1445246
1468303
1396226
1371672
1373784
1453771
1453648
1402680
1399440
1445271
1447649
1450337
1441444
1470777
1379246
1413130
1465143
1420203
1471136
1396634
1462155
1461786
1421491
1360047
1394933
1466795
1457007
1396568
1445699
1401879
1417306
1466976
1464890
1388628
1467284
1364946
1468446
1478755
1448664
1380602
1436361
1468797
1427523
1450913
1421246
1415360
1457135
1466084
1472195
1419168
1458218
1459701
1412248
1442106
1372892
1360544
1462606
1438480
1391174
1449769
1446947
1477906
1457829
1376247
1385088
1410967
1463090
1401428
1419937
1482789
1406865
1468249
1422538
1435275
1408128
1427926
1472556
1403830
1388371
1382865
1408714
1466682
1414996
1468031
1418902
1372459
1474052
1439680
1453826
1399906
1425926
1480837
1411381
1393286
1438130
1380715
1473396
1390706
1427828
1373869
1432276
1466873
1391765
1449595
1453933
1449285
1470456
1458473
1407727
1432073
1403069
1473628
1390775
1427049
1432324
1386579
1458649
1434581
1452720
1402575
1402180
1487237
1466537
1419364
1475602
1406652
1473974
1460471
1466076
1443705
1368159
1468922
1402117
1477019
1401583
1445331
1469584
1427089
1394331
1433173
1453938
1475678
1447466
1443732
1446920
1433258
1478362
1494115
1479034
1487520
1442257
1468998
1411070
1458955
1427450
1519007
1544899
1422969
1471029
1418930
1457053
1499267
1392194
1435183
1438736
1364922
1478876
1452643
1389523
1433681
1441404
1482504
1481822
1418806
1379878
1404711
1486899
1452297
1468947
1389982
1394728
1498445
1464773
1379472
1484904
1371877
1485052
1434060
1440149
1480527
1454492
1478173
1436804
1465686
1392998
1442113
1479885
1473460
1439638
1449543
1416856
1488994
1410571
1487744
1435170
1379811
1487618
1436099
1426703
1463999
1469619
1488440
1398072
1413097
1425441
1436768
1487923
1383953
1471188
1412477
1461183
1494306
1407402
1378262
1392469
1417286
1487066
1494416
1456331
1391866
1437888
1484533
1455655
1386027
1402365
1391926
1489099
1465831
1393730
1449553
1428374
1506040
1433714
1435167
1413681
1387992
1492408
1465199
1375901
1428084
1482962
1499019
1499315
1408218
1381236
1484862
1492171
1491173
1467867
1394211
1419231
1484586
1506990
1457639
1434932
1386356
1507440
1495754
1428084
1445095
1394189
1489157
1420382
1382063
1420145
1470020
1486368
1447172
1468702
1463169
1442377
1532834
1455867
1420369
1392076
1391563
1490725
1410957
1413297
1466943
1429354
1495674
1465031
1420869
1457138
1439114
1490657
1510442
1441796
1409178
1392770
1486806
1414340
1449818
1386360
1484193
1497573
1409687
1408604
1509217
1458355
1489102
1454121
1396080
1487758
1475237
1496912
1407439
1432642
1426881
1469898
1492870
1483195
1474658
1436308
1417329
1508148
1434825
1465983
1474087
1493148
1494173
1459746
1386127
1463818
1424944
1523743
1464630
1501084
1455206
1489780
1501292
1469990
1488482
1476430
1430574
1511696
1405249
1479752
1499570
1504634
1598407
1553960
1413590
1424390
1477838
1600233
1546127
1475408
1480627
1422752
1525106
1432973
1455546
1421749
1484661
1506386
1503565
1491063
1498395
1485879
1504464
1428520
1404941
1489913
1441590
1506160
1440535
1447523
1408245
1438872
1508846
1455675
1418660
1457724
1411639
1506100
1478647
1466825
1487517
1405642
1501244
1417229
1507421
1476225
1440154
1521723
1399270
1419211
1438157
1509358
1514026
1478632
1394665
1438683
1806389
1525613
1488222
1416026
1417071
1411867
1516379
1483273
1465587
1480123
1383048
1512358
1532123
1394560
1410077
1444599
1517512
1461134
1469466
1475823
1490870
1517245
1479840
1473323
1491870
1469664
1508811
1507341
1419525
1505454
1451698
1530529
1521603
1414934
1456942
1433835
1514928
1433507
1475312
1387912
1460403
1522513
1457669
1436588
1449962
1451891
1515154
1443684
1511698
1499801
1443256
1508505
1487714
1489766
1417244
1463408
1517381
1466757
1443021
1436155
1491788
1530910
1490236
1419108
1488746
1392074
1523330
1501395
1450548
1397578
1474024
1520779
1514475
1445919
1430845
1412386
1525405
1492943
1407732
1390518
1493436
1521137
1430206
1430051
1423032
1423017
1523961
1501615
1406271
1504937
1445333
1522919
1456740
1447669
1498530
1445494
1531386
1440781
1440272
1400322
1457632
1536345
1448496
1445371
1472373
1440480
1526570
1489292
1473769
1421661
1461967
1499426
1470120
1410694
1402585
1481447
1501390
1550379
1413253
1435255
1479487
1515723
1415861
1410415
1479589
1419777
1517214
1464733
1436999
1456579
1432627
1524854
1515005
1413876
1481334
1443096
1537462
1469283
1474042
1397023
1507070
1507706
1432351
1389939
1400134
1439056
1491369
1447694
1437333
1410591
1480895
1518589
1492690
1468957
1470469
1397784
1494271
1510796
1420143
1496739
1459418
1534085
1508100
1473310
1473322
1392332
1524328
1420632
1449892
1507241
1448092
1531369
1438921
1404753
1442702
1436377
1530408
1495862
1466211
1448766
1467248
1531243
1431476
1457418
1463921
1489820
1511673
1421835
1443968
1430322
1432817
1521704
1489891
1416021
1458333
1436012
1533977
1471295
1444075
1454900
1486232
1520195
1448351
1498039
1477873
1391177
1522192
1409121
1507308
1470822
1489820
1510303
1441876
1494777
1442911
1446458
1514231
1481213
1438512
1490550
1418687
1531909
1433527
1443386
1488680
1513655
1533716
1435584
1498240
1400080
1502530
1519804
1522691
1481183
1376338
1426402
1488941
1441906
1423255
1490232
1387077
1502740
1376553
1429675
1375163
1491484
1488811
1478028
1388947
1443446
1473220
1517306
1437849
1425315
1483679
1388626
1502465
1394218
1450743
1383169
1470123
1483841
1410453
1412553
1417903
1377279
1492657
1484227
1481256
1425646
1403640
1488109
1393247
1370975
1413996
1470042
1498779
1489607
1500345
1429326
1384333
1503595
1494198
1465061
1471937
1387967
1509891
1435688
1449649
1416547
1406740
1498049
1423962
1417171
1442812
1429683
1510185
1436966
1457898
1392826
1450593
1502119
1511858
1410804
1412010
1437343
1504459
1517867
1490470
1454489
1405846
1506061
1416747
1447113
1473448
1475433
1526670
1444239
1462548
1458200
1468477
1517907
1489535
1466599
1498526
1458398
1512530
1459791
1476761
1408837
1458481
1519892
1478760
1382958
1464006
1426436
1534175
1488497
1466730
1405963
1468837
1514191
1491860
1518018
1463365
1397830
1515149
1469343
1423606
1457727
1379935
1516038
1496438
1397035
1469546
1440242
1516589
1493960
1477706
1434702
1440357
1525414
1443597
1403147
1424140
1389298
1522104
1445915
1485016
1401338
1484887
1507393
1484488
1476210
1407988
1414558
1551239
1495501
1500304
1502349
1452678
1523162
1434752
1420271
1405653
1483125
1510362
1488658
1459378
1461601
1474411
1515815
1412138
1470533
1411117
1425613
1508489
1524394
1417624
1402814
1471295
1538011
1547962
1402317
1473129
1445609
1515009
1445326
1384133
1473808
1432695
1539349
1493101
1439595
1464369
1431752
1532117
1424393
1423070
1469303
1403302
1566190
1476601
1522500
1422609
1391993
1525202
1436844
1449979
1395694
1459902
1542168
1438954
1485458
1389653
1494894
1542431
1487237
1485774
1430013
1469263
1549495
1511575
1495536
1514640
1468689
1556806
1442169
1420421
1415811
1422616
1543641
1483534
1487889
1418301
1455411
1542374
1513838
1496890
1427069
1398162
1544648
1497534
1451864
1449711
1510651
1533290
1407231
1444549
1470835
1513211
1547679
1429813
1438190
1504429
1486813
1551204
1431015
1428943
1437892
1483504
1560134
1437759
1514352
1410408
1442677
1540983
1490312
1452582
1506058
1428011
1558427
1486560
1437104
1454474
1504351
1563028
1468226
1513783
1410047
11364453
1692482
1446882
1430642
1502036
1481401
1581350
1502675
1444208
1441232
1511723
1579725
1449212
1451517
1528604
1487242
1571062
1528041
1458150
1476610
1434018
1551860
1498180
1427999
1404176
1455722
1558997
1451841
1407178
1431497
1424047
1548733
1413670
1482381
1397466
1485608
1517489
1493398
1495226
1505687
1434632
1523540
1450475
1501412
1500725
1485884
1560833
1429142
1500921
1432101
1454068
1543562
1499270
1445178
1499603
1523913
1556697
1435353
1429402
1434156
1490650
1554229
1441602
1409765
1463117
1466162
1555288
1435982
1510585
1483553
1427911
1583731
1501903
1421980
1451601
1453059
1556210
1518621
1496836
1475533
1513713
1538858
1526049
1523891
1471919
1478808
1558287
1510137
1465133
1467452
1504073
1566105
1535914
1513292
1444324
1513364
1574093
1423235
1446674
1391042
1427031
1542919
1477452
1454487
1419526
1485904
1557089
1503632
1531419
1514752
1415567
1540010
1470269
1423811
1513362
1526071
1569340
1500946
1423453
1480351
1501329
1576322
1434767
1469484
1458135
1526808
1578562
1474451
1439174
1542183
1420804
1572014
1450734
1492804
1452347
1524099
1574334
1474145
1453492
1521034
1501585
1566188
1430915
1446992
1434548
1462791
1575206
1473781
1440099
1441737
1514787
1575106
1493436
1501943
1453404
1477512
1576539
1504853
1486029
1426234
1450380
1579541
1504194
1521162
1456565
1510899
1574001
1524789
1498142
1498438
1478996
1575013
1538454
1464017
1447541
1457391
1575251
1546122
1477402
1478675
1462022
1577035
1506790
1481256
1479298
1480582
1575650
1451743
1454036
1424741
1492017
1572949
1496386
1431013
1436109
1431602
1575261
1489081
1492394
1532551
1496912
1579050
1509230
1463570
1513101
1432118
1584675
1546518
1497934
1433902
1489756
1582157
1486297
1539008
1481524
1522676
1591281
1461621
1448556
1507091
1517038
1583197
1453603
1447799
1487249
1523403
1582564
1498006
1495042
1432865
1541943
1577853
1484972
