1863493
1475801
1370048
1459330
1419026
1419963
1364899
1404763
1446709
1405164
1397183
1374992
1350736
1334381
1442119
1294360
1415588
1333221
1353953
1730242
1344214
1386985
1344843
1366706
1363172
1387283
1331635
1387293
1348196
1344384
1327405
1351130
1332094
1295031
1355565
1386238
1336674
1357669
1327613
1361592
1381311
1415677
1385323
1338128
1400014
1371955
1319810
1392389
1321900
1311208
1308302
1315184
1359261
1318992
1349020
1288075
1257219
1378269
1661456
1362030
1412165
1390167
1404948
1323701
1365588
1358692
1322842
1344402
1324248
1395963
1371206
1368242
1320700
1326456
1366774
1381682
1338656
1329130
1338739
1389112
1305607
1303620
1330129
1328994
1374017
1293839
1315466
1334038
1322356
1341282
1332700
1315495
1379966
1326263
1344788
1361607
1694831
1419434
1348098
1337900
1349534
1313093
1334331
1325378
1335176
1341445
1366576
1379159
1325005
1404537
1290576
1340869
1398924
1336772
1414400
1397053
1365255
1358065
1324080
1339500
1329227
1318690
1303804
1346356
1412995
1381702
1310021
1393971
1336995
1397656
1346942
1333083
1335043
1327989
1739298
1318540
1306209
1390350
1358444
1330027
1356647
1384770
1367172
1330049
1359185
1396890
1376723
1355179
1324256
1398423
1319402
1386969
1392201
1328563
1347414
1294841
1309580
1388929
1332833
1370912
1411436
1373719
1346241
1344079
1364348
1317064
1348005
1336904
1335236
1331439
1390828
1367723
1386796
1720575
1428532
1405938
1315478
1381465
1347601
1386586
1333991
1380913
1399824
1333569
1328320
1354405
1397709
1396461
1333823
1384103
1335205
1459874
1324945
1374192
1385070
1335586
1396208
1413002
1338556
1311887
1321760
1317949
1344841
1341525
1335597
1312995
1409464
1411516
1339979
1421378
1384481
1667007
1452916
1363949
1333745
1371348
1405800
1362714
1340623
1364511
1329934
1356570
1432001
1360311
1316510
1360857
1428359
1415698
1355735
1398125
1390553
1343510
1359357
1304392
1386618
1373145
1285477
1354973
1300666
1314020
1308374
1343505
1330707
1301426
1320753
1364332
1364674
1290107
1318479
1639020
1405918
1341345
1392845
1338919
1348662
1397005
1321965
1316520
1303751
1328588
1355001
1362456
1342763
1304947
1393074
1278871
1372464
1307069
1314433
1337311
1358820
1276188
1333426
1320208
1364924
1316996
1323977
1275451
1307931
1368056
1338145
1375691
1313842
1298882
1359512
1353718
1289050
1336501
1657065
1373741
1335890
1358519
1355778
1314007
1333339
1332592
1272332
1341473
1321698
1400465
1361255
1323193
1342841
1309106
1353670
1377269
1351861
1382184
1335091
1367435
1380615
1365656
1345734
1309444
1324621
1281011
1300782
1316510
1329141
1401072
1368457
1356855
1410817
1358667
1376044
1404757
1740901
1338327
1377340
1369153
1412438
1406915
1350072
1356746
1329282
1420343
1306224
1333848
1358803
1384218
1379868
1349443
1385005
1361033
1357103
1328896
1331387
1323484
1359151
1371820
1351230
1357560
1362067
1348790
1417557
1320026
1310863
1397406
1360869
1341097
1388984
1389874
1383780
1357321
1338761
1668964
1359146
1312912
1380184
1335293
1361686
1339438
1302669
1358925
1364550
1356134
1426744
1357106
1363713
1374248
1368722
1412583
1385300
1382649
1379841
1383003
1303092
1397812
1358389
1446010
1321895
1378941
1336391
1365711
1488117
1336350
1395847
1355117
1371204
1322802
1342838
1392324
1416961
1726919
1428312
1416665
1318878
1363960
1377007
1418740
1429560
1408448
1386636
1373880
1444306
1323371
1384594
1344124
1370299
1372200
1402420
1368224
1332319
1380365
1330615
1392575
1356595
1396960
1367211
1367109
1325218
1388819
1415874
1372376
1435393
1334301
1333309
1319873
1374698
1414021
1398681
1359273
1689227
1426187
1426445
1417885
1394955
1411967
1373844
1342104
1385777
1318996
1411438
1369229
1378497
1363445
1385000
1395712
1386210
1381116
1427084
1319707
1386105
1376222
1361629
1326087
1381066
1412836
1367565
1361281
1379918
1365393
1304916
1370514
1385749
1347353
1341120
1403069
1375679
1386571
1430394
1697450
1346311
1399976
1374737
1378142
1340074
1367725
1383833
1377335
1426387
1414315
1328879
1379069
1327179
1324709
1368858
1415798
1379918
1370114
1324885
1317355
1350543
1388295
1349687
1421654
1398872
1404134
1375774
1354495
1354548
1306274
1418778
1375510
1331648
1419702
1328568
1361603
1390631
1731692
1460180
1376305
1334098
1407890
1412563
1413515
1380206
1400996
1384697
1386428
1405124
1357595
1436464
1380371
1349354
1354633
1352287
1351711
1387653
1406158
1368039
1328250
1319219
1382685
1327546
1350494
1412022
1333414
1383469
1456992
1353683
1349210
1350302
1387847
1423561
1357151
1376598
1422326
1769216
1380452
1349205
1426786
1421928
1396240
1400287
1382369
1357813
1414673
1391350
1392455
1368785
1324787
1366106
1372055
1398125
1326658
1410526
1411596
1396742
1429760
1385938
1394283
1414428
1386346
1359945
1321452
1418216
1389162
1383692
1376037
1396868
1384880
1322921
1388275
1412107
1401894
1407266
1738689
1455194
1378720
1438134
1324439
1437609
1394502
1448526
1321344
1394432
1338536
1387070
1352511
1335569
1357069
1349732
1388814
1440292
1340343
1337932
1348261
1399947
1351651
1328974
1387521
1412927
1396388
1434899
1361661
1324022
1357219
1392850
1451931
1352380
1349223
1354280
1405758
1396359
1418298
1653162
1411536
1420118
1382707
1423478
1432965
1398315
1392509
1399826
1418798
1342901
1356059
1397303
1389601
1415583
1352142
1340658
1404693
1439282
1334070
1397489
1393182
1405537
1440510
1422707
1394479
1359571
1395935
1351353
1419581
1423378
1358850
1402325
1418246
1390470
1348334
1347785
1400042
1721284
1467858
1347671
1349506
1421574
1388152
1325664
1340836
1399002
1409248
1352060
1409175
1627597
1405311
1428595
1433711
1372020
1331888
1385396
1387458
1348186
1400638
1397664
1401244
1388628
1353881
1359143
1343956
1369745
1395875
1398641
1384183
1360444
1438620
1415409
1354813
1341345
1377086
1383752
1784396
1423651
1387002
1433280
1373328
1415683
1440071
1416006
1388776
1344161
1398536
1377575
1366796
1348691
1428260
1399849
1374042
1392840
1421229
1354210
1402493
1351455
1351097
1361649
1378781
1400065
1361085
1403299
1433897
1413070
1412282
1462328
1399297
1422431
1374631
1406166
1420930
1399248
1371103
1664348
1666876
1395727
1409363
1349398
1405614
1405179
1409390
1456464
1427114
1335775
1409725
1400410
1338403
1365290
1335319
1395552
1445260
1365971
1441702
1332891
1402149
1392715
1333873
1393357
1442096
1409967
1361626
1375002
1337389
1432697
1408125
1454599
1353781
1394004
1372767
1401724
1353287
1722873
1459679
1395842
1437096
1375155
1338669
1440480
1356462
1410120
1350529
1375252
1331607
1393738
1423220
1414848
1382520
1424318
1390137
1408684
1455905
1343261
1345930
1421462
1418574
1427938
1340448
1342520
1432374
1418550
1387922
1375413
1429963
1330973
1414430
1430196
1449628
1468695
1395391
1843482
1457694
1409361
1355680
1400466
1442186
1373146
1352209
1411604
1364798
1421895
1367994
1403400
1351385
1453261
1429252
1426272
1345599
1441540
1370495
1415528
1394773
1441144
1353072
1408183
1417853
1356031
1374196
1335361
1445644
1424371
1383328
1420808
1341300
1358289
1416628
1447218
1439540
1428921
1420063
1800005
1468685
1397980
1435444
1372020
1437210
1378986
1422732
1407018
1420419
1428277
1368131
1399692
1338203
1339059
1431213
1352067
1386193
1443619
1340235
1440610
1353516
1393361
1364014
1382655
1426453
1392630
1399120
1408725
1354355
1422501
1398190
1355588
1418006
1397408
1422421
1364681
1421479
1751797
1489176
1444506
1434438
1459386
1409075
1433315
1438998
1447297
1379738
1368577
1376563
1429427
1395649
1422466
1366954
1430597
1428663
1355878
1417735
1426450
1423180
1422348
1396444
1379961
1394648
1427515
1424836
1427031
1366052
1400591
1443709
1441013
1396471
1368745
1423185
1364929
1436308
1719354
1411102
1399346
1403999
1453577
1402217
1440382
1438869
1345199
1440575
1426092
1398446
1389974
1351606
1424480
1375147
1370264
1450395
1425140
1435292
1395038
1453299
1410822
1386932
1423508
1391555
1367773
1355312
1369241
8227824
2601107
4277261
2106405
1978642
2040710
1708364
1447686
1384020
1351172
1409270
1379297
1428257
1397772
1380700
1416478
1372842
1353725
1419461
1359364
1398756
1362737
1317748
1351658
1385629
1414447
1448174
1378372
1435150
1356642
1392753
1348233
1342104
1359416
1380956
1422739
1419883
1445321
1433935
1399819
1391495
1375420
1329152
1386553
1396299
1425693
1438558
1426690
1395196
1425052
1421393
1366716
1388643
1371524
1386661
1391986
1344422
1322204
1396075
1350909
1394141
1430707
1426085
1370778
1399345
1414856
1377247
1384609
1366803
1373113
1376661
1387769
1406134
1403645
1332045
1361471
1362453
1372021
1336128
1346449
1396870
1423221
1370617
1367360
1437290
1425237
1381254
1349607
1354799
1379816
1422441
1366590
1348745
1342004
1330390
1380921
1407466
1339523
1359864
1415362
1415786
1320179
1369845
1361623
1422679
1429277
1427347
1318079
1422270
1307966
1409047
1340513
1372195
1329214
1424831
1419647
1359767
1405877
1451059
1337263
1421443
1360514
1437761
1379874
1420599
2268409
1675850
1347587
1411450
1449282
1468324
1380595
1370178
1431504
1399995
1426966
1398569
1350456
1436069
1427981
1430053
1413844
1345820
1360755
1413405
1420827
1371048
1403260
1323933
1354826
1413626
1383179
1401681
1376982
1406296
1413067
1402917
1403670
1453697
1420622
1459603
1356610
1355392
1438546
1410120
1440682
1431815
1383742
1396739
1356710
1433313
1440933
1394414
1354515
1371015
1446411
1365397
1413084
1365663
1377451
1438698
1410022
1428866
1470035
1381497
1455579
1389019
1408091
1432885
1391397
1443933
1476224
1451829
1406399
1361400
1454001
1430900
1474726
1444762
1422030
1427052
1432298
1418480
1456667
1361288
1449580
1419715
1478502
1384950
1391723
1447896
1462082
1429612
1386664
1387859
1456581
1421231
1372251
1424368
1450059
1439092
1407767
1409747
1349546
1392913
1464337
1432341
1453938
1448506
1432717
1450275
1405076
1427520
1410002
1467917
1456862
1436430
1371144
1402844
1427788
1455519
1433418
1469807
1476480
1396281
1464204
1376819
1493316
1451397
1466091
1454054
1429991
1450300
1441076
1451232
1425498
1374900
1470594
1455374
1449591
1470592
1431384
1443121
1425205
1384344
1420484
1467477
1418449
1434952
1379097
1481203
1405349
1437954
1413405
1415517
1450229
1400240
1405096
1421148
1385794
1472766
1412402
1394491
1420554
1450688
1453021
1490133
1417211
1327911
1453966
1426337
1409040
1362591
1364165
1459764
1470250
1397235
1397965
1449721
1461814
1458777
1427686
1480219
1392059
1428660
1470739
1418294
1481835
1403139
1469691
1458333
1444105
1393500
1399832
1468178
1476893
1399197
1459937
1393863
1432299
1458626
1430179
1390036
1434772
1356998
1463046
1493829
1449804
1395271
1423451
1460657
1426705
1447777
1427419
1416608
1468176
1473217
1475994
1435278
1447551
1484343
1434188
1452402
1361914
1375904
1470884
1444852
1401946
1458727
1449766
1444787
1429487
1361359
1338822
1394187
1448852
1383702
1429963
1470779
1419922
1469416
1397651
1417703
1420659
1447212
1479935
1401177
1401322
1385449
1412666
1472814
1422837
1458331
1449694
1384196
1484145
1443204
1467943
1407587
1446140
1474806
1375024
1387804
1420474
1391755
1474204
1395276
1393797
1350634
1394249
1446461
1357489
1427760
1424746
1423170
1460122
1475024
1413699
1451127
1396844
1479577
1395331
1440227
1456008
1403124
1472897
1440462
1422691
1600439
1433466
1528327
1465915
1434268
1472538
1375278
1449926
1436388
1460676
1417808
1385567
1462949
1420737
1481577
1407627
1458173
1487159
1416432
1374604
1434849
1462999
1477500
1450518
1427011
1460451
1438112
1496854
1491078
1504444
1497711
1427748
1489445
1406384
1448999
1403043
1494010
1509724
1401355
1469283
1436355
1437926
1507225
1393801
1448268
1440652
1374769
1462122
1450886
1380771
1435907
1441066
1498623
1466748
1437986
1383647
1416352
1481150
1434308
1442544
1361238
1373834
1451665
1465374
1382179
1488723
1375746
1493259
1433103
1450267
1484734
1464763
1487522
1440304
1476102
1404076
1445098
1484599
1478605
1450893
1435226
1410153
1463109
1412215
1498114
1441171
1401829
1484342
1445664
1428264
1453751
1468013
1501412
1402357
1421721
1435794
1441578
1488342
1395023
1418449
1427943
1466053
1470118
1379683
1394174
1390759
1413919
1492123
1466634
1463750
1400212
1449363
1487608
1436891
1361306
1386947
1386331
1475129
1464492
1383432
1441314
1437195
1500492
1426545
1413899
1431580
1374306
1507328
1465001
1394063
1426685
1484356
1468575
1475340
1410744
1374065
1491872
1494639
1477397
1466858
1397589
1418775
1495571
1495133
1463974
1431983
1392533
1499222
1493394
1431176
1438595
1408075
1497064
1416129
1382491
1414884
1469042
1499546
1416254
1467381
1469406
1464870
1526086
1426325
1418617
1384005
1403778
1489595
1396098
1403312
1468326
1424265
1507313
1460118
1418442
1434539
1458265
1498748
1496506
1446115
1409221
1405965
1494160
1410744
1449611
1387726
1484722
1514209
1391345
1410857
1497698
1457751
1504025
1434130
1381126
1485100
1474821
1472827
1418427
1423866
1440552
1494554
1498097
1486510
1469650
1429119
1415151
1500201
1439109
1450027
1470116
1490447
1489001
1448235
1389327
1489905
1419103
1525445
1465317
1488357
1470541
1492958
1513094
1486280
1472109
1482511
1404437
1503497
1397098
1492709
1482215
1512771
1608295
1528497
1404978
1423703
1492815
2364738
1695753
1461701
1482143
1392545
1522596
1399248
1446306
1395233
1466848
1470115
1486996
1484896
1465424
1466212
1470346
1421376
1371619
1458148
1408913
1483368
1414868
1409907
1372013
1407978
1475898
1429545
1399962
1464702
1410506
1522789
1451713
1475440
1457402
1407910
1490159
1385544
1463407
1476287
1419845
1536327
1423662
1384579
1415605
1457055
1491993
1464280
1389844
1431449
1785080
1526186
1496484
1415349
1427698
1419976
1524836
1480549
1449197
1477577
1382108
1530025
1511851
1412009
1415392
1458749
1515334
1450132
1462473
1481068
1485260
1530959
1473145
1497716
1500442
1475803
1540023
1507977
1434694
1494401
1450219
1523736
1520260
1392370
1461824
1422043
1519862
1423651
1487402
1389100
1463465
1518486
1418169
1424410
1456905
1465695
1521541
1430670
1515146
1490031
1442832
1533849
1485062
1499716
1420143
1472015
1520177
1481579
1428344
1434606
1502304
1525167
1487353
1421559
1478955
1395865
1508861
1511578
1451984
1399769
1478955
1498833
1534074
1441850
1422714
1368675
1513582
1461017
1376119
1357577
1461531
1535139
1427039
1444962
1424936
1428500
1539695
1505998
1408011
1512585
1431995
1538003
1462172
1442683
1472240
1468085
1536676
1403352
1430283
1400087
1438440
1527622
1456717
1438487
1443627
1430247
1525460
1520185
1468224
1408634
1464362
1537067
1496173
1395732
1428222
1473084
1512836
1545092
1430209
1448726
1487791
1535277
1453848
1423137
1510909
1410681
1519519
1476488
1440883
1507714
1403926
1549259
1497876
1424811
1457325
1454505
1544040
1482416
1483263
1430862
1511257
1536843
1440139
1372013
1388503
1450695
1540417
1440773
1443810
1394990
1475683
1539850
1508431
1521062
1519005
1413581
1532781
1523395
1451300
1500235
1437744
1548681
1504467
1461992
1472203
1376766
1528875
1421193
1447628
1503512
1449666
1545749
1451557
1425313
1455682
1434634
1515865
1502633
1485521
1467035
1508589
1534437
1462395
1453532
1492743
1486155
1556897
1425655
1461103
1425596
1458321
1536096
1499124
1423671
1469807
1449112
1537122
1514657
1445634
1456140
1442459
1529053
1450648
1522653
1474819
1412525
1517148
1405945
1515487
1487307
1489478
1549304
1487588
1498944
1455517
1452479
1543118
1466232
1434501
1479685
1423999
1541888
1434366
1467504
1477382
1503329
1550994
1419840
1475753
1402325
1509738
1539166
1545263
1517556
1415061
1468494
1545473
1450846
1445857
1513443
1437218
1558017
1416366
1478289
1398424
1529036
1544604
1511991
1424831
1480326
1521122
1545147
1469719
1451795
1514292
1427933
1527878
1375646
1452838
1398774
1482542
1503233
1413290
1449428
1460941
1428380
1553950
1527411
1487801
1467784
1431246
1557854
1442605
1413074
1446714
1494619
1554411
1508696
1456814
1449242
1423142
1554817
1518857
1484017
1463818
1394892
1542727
1428394
1468296
1441966
1434242
1558586
1459008
1425966
1467066
1466241
1570731
1467850
1492156
1421293
1476302
1562558
1530295
1448025
1448688
1460082
1562289
1535781
1520970
1479684
1437578
1572254
1449435
1478882
1499252
1453555
1530454
1432862
1480406
1469040
1507075
1561079
1519927
1491695
1522997
1467186
1559578
1488119
1463107
1438312
1482023
1571901
1527138
1418700
1497566
1467760
1564475
1528279
1485553
1448989
1495486
1520714
1527462
1520641
1472032
1429405
1573567
1493842
1455562
1480288
1429655
1566146
1541133
1415743
1487718
1458533
1550360
1523447
1520250
1465630
1456185
1576823
1448017
1413007
1448293
1428112
1561194
1483255
1501850
1424215
1511853
1557353
1496940
1485095
1422298
1431665
1579722
1498117
1505175
1489493
1493291
1579251
1473267
1460042
1436273
1518083
1573064
1507363
1500783
1499738
1476064
1571505
1451081
1500302
1445442
1454858
1580047
1530326
1436483
1432301
1512302
1567804
1552707
1425906
1514094
1477480
1579721
1480757
1419416
1516038
1463120
1571520
1534540
1471185
1494376
1471549
1581535
1468945
1446805
1472446
1449573
1542295
1529629
1520724
1442564
1408012
1580591
1489953
1486019
1415209
1495686
1573791
1461433
1495411
1403079
1506990
1574069
1494093
1513282
1432073
1471080
1580295
1498911
1483295
1507048
1485388
1584868
1424954
1436150
1446609
1438805
1566777
1485959
1478578
1441682
1441224
1575680
1496553
1516824
1439247
1430440
1569406
1497827
1470584
1476277
1534733
1579193
1452763
1457584
1497681
1488866
1595824
1435756
1459749
1500758
1494721
1584104
1453946
1451775
1440101
1504359
1585726
1484391
1504471
1445569
1434436
1589912
1490760
1455993
1508633
1440226
1586958
1528387
1428440
1468755
1502522
1585245
1467517
1483120
1428597
9559877
2435746
2123589
2125346
2210309
1839729
1582638
1482826
1429595
1412701
1515973
1562888
1403392
1451507
1519380
1493333
1573552
1526560
1456068
1467572
1437839
1564336
1490067
1411889
1412536
1464479
1558744
1467397
1426345
1443286
1443153
1560693
1430567
1487673
1428332
1490810
1572060
1523001
1513970
1495389
1426583
1567724
1449132
1520072
1475470
1498866
1555715
1412761
1521671
1444589
1436423
1555210
1479028
1446483
1486375
1515144
1568148
1416179
1445148
1443988
1492494
1539464
1447278
1432594
1487651
1432670
1566731
1450931
1514272
1506724
1461889
1570721
1502815
1434406
1453470
1460631
1565745
1532313
1504298
1519255
1530406
1556944
1549999
1524876
1501099
1488225
1557611
1534518
1458503
1473774
1522904
1571683
1517183
1521866
1441545
1523683
1580123
1449395
1469316
1419236
1443101
1571447
1481381
1456894
1430497
1511267
1578386
1503733
1545904
1518324
1415393
1577925
1477412
1429823
1525778
1532767
1567143
1502305
1424656
1488240
1496969
1580932
1430753
1447591
1464815
1522059
1580994
1489871
1443409
1525646
1433499
1548408
1444659
1494489
1450393
1500482
1563304
1468279
1454572
1538332
1514347
1557065
1433514
1445048
1442192
1452793
1565810
1494935
1436380
1455900
1517051
1537900
1498152
1501377
1427384
1484669
1577692
1516251
1493940
1393449
1461483
1576812
1515094
1519959
1442081
1502336
1570423
1525823
1496866
1508135
1472053
1599855
1528597
1470897
1445454
1440835
1587630
1536056
1475941
1470228
1479492
1575760
1512297
1466768
1478683
1486345
1591584
1443278
1450199
1444584
1472368
1574011
1497248
1427457
1429680
1436699
1564718
1482566
1479795
1536034
1504923
1588918
1519651
1470075
1512853
1437867
1577053
1558838
1494612
1424681
1470822
1579333
1487006
1536829
1472203
1510480
1589830
1463200
1456063
1502514
1535801
1572412
1454710
1477162
1498164
1517730
1586016
1468168
1483366
1426212
1503903
1590243
1485807
