1849874
1400695
1358387
1342382
1383923
1351445
1350443
1329816
1348767
1393680
1468249
1464415
1432411
1422027
1511746
1305801
1415570
1329505
1362969
1440174
1690576
1422030
1376761
1362140
1348749
1373180
1318535
1366828
1318061
1336256
1304292
1353370
1344021
1281081
1367773
1341668
1355432
1354084
1336870
1349812
1360085
1379440
1385531
1328147
1429038
1374571
1337090
1389643
1334917
1315846
1322577
1301167
1369334
1314050
1375323
1325686
1280222
1400832
1667731
1406565
1416810
1372717
1402112
1326313
1377129
1363227
1328580
1362173
1325143
1405708
1361286
1341473
1311522
1320871
1360110
1391956
1354665
1344097
1323975
1405499
1312887
1323394
1337959
1331924
1381111
1318134
1333354
1350105
1310399
1357527
1332595
1322128
1371577
1288707
1333612
1338912
1340453
1687461
1334679
1303798
1323927
1274764
1320043
1265476
1308695
1316338
1358384
1354242
1287556
1396366
1293089
1342869
1400797
1327556
1419517
1406347
1370915
1356432
1325909
1333577
1343831
1328958
1307776
1335825
1419845
1387756
1323339
1394294
1322113
1398513
1342545
1358397
1344873
1320183
1399148
1620309
1340892
1394173
1351308
1333429
1362095
1383136
1363313
1328438
1373038
1410764
1362160
1358975
1327195
1417519
1328110
1385131
1389205
1339926
1355134
1299792
1303696
1398413
1329821
1380495
1412009
1371777
1352629
1341305
1370890
1322675
1351175
1329530
1331627
1332394
1393484
1374891
1396634
1673472
1449643
1409840
1330209
1377152
1354167
1392078
1329981
1381643
1398058
1336890
1334464
1362659
1400716
1408041
1335105
1383401
1339450
1425330
1321041
1356181
1391636
1344720
1399396
1411423
1333640
1317788
1325591
1333228
1360829
1340623
1339995
1332018
1402147
1410458
1340986
1422536
1397213
1349528
1409301
1728062
1355563
1376395
1406389
1369803
1352713
1367677
1337303
1370256
1403244
1342337
1312775
1359148
1404056
1411428
1338195
1394650
1409691
1373055
1396609
1342156
1424312
1405191
1313902
1390994
1347938
1335617
1350701
1376823
1364563
1338553
1358875
1384146
1393614
1307344
1352435
1346647
1389668
1685409
1445225
1364861
1378929
1413309
1352386
1346471
1347932
1368810
1386797
1397541
1388721
1342304
1434469
1308354
1413402
1336716
1352603
1370026
1394505
1303694
1368552
1341232
1388501
1344101
1347879
1306124
1343430
1399000
1362368
1415858
1347205
1357387
1387481
1384744
1320447
1369073
1345434
1743199
1399719
1393306
1400165
1363911
1370878
1362266
1301566
1361388
1353638
1420451
1377545
1347543
1382790
1363042
1390187
1414556
1374000
1408195
1355056
1404119
1412480
1409471
1383206
1352666
1352959
1297637
1331417
1361606
1350008
1423851
1388012
1377490
1411499
1348742
1359489
1402490
1425055
1317081
1728616
1387779
1407266
1413330
1358679
1350217
1334379
1426635
1309627
1335276
1356101
1396136
1388142
1327588
1383003
1366948
1364516
1322469
1342403
1318455
1363791
1374143
1354795
1358496
1364433
1351115
1431788
1318242
1318267
1384313
1360549
1350706
1390442
1387032
1382278
1354826
1338954
1338804
1656205
1349441
1400483
1360802
1368299
1358401
1318733
1364947
1361464
1364931
1429578
1358156
1360923
1371539
1384374
1429522
1395198
1362573
1383584
1368329
1317487
1390294
1360682
1436445
1319352
1383065
1334557
1360206
1486490
1339722
1395793
1351401
1368048
1326498
1343534
1413798
1419409
1370073
1404946
1744124
1346943
1372020
1386090
1427457
1424661
1417775
1387396
1370958
1444584
1333773
1386005
1345073
1365933
1375340
1432263
1367588
1338217
1364393
1334023
1370887
1367089
1405198
1364535
1365177
1333427
1388997
1432289
1377683
1435952
1324714
1338849
1342139
1373707
1407379
1396539
1369760
1359236
1731493
1464576
1409556
1413741
1400263
1389631
1346649
1389064
1313576
1418592
1365828
1360544
1361181
1388824
1404650
1374391
1401102
1425665
1324283
1387180
1368989
1362493
1348777
1374756
1415064
1374786
1361882
1390022
1368988
1325395
1372832
1396995
1340378
1352837
1409929
1379848
1398691
1430883
1370341
1632300
1433874
1372316
1394579
1339067
1350501
1367921
1381670
1429046
1420241
1340936
1377072
1341610
1333249
1376115
1419303
1388986
1364821
1336732
1320698
1365164
1371448
1355993
1425611
1397155
1406993
1374068
1383163
1355851
1337945
1428976
1381199
1327087
1424423
1325842
1366066
1379357
1406670
1435089
1714020
1381389
1402595
1422764
1417204
1379272
1408675
1379668
1394095
1410982
1359827
1435692
1378490
1348118
1353009
1352684
1355672
1383487
1407472
1389903
1340240
1339571
1397118
1344921
1363042
1422200
1336093
1395000
1434571
1356895
1357584
1344735
1391347
1429580
1355087
1371103
1420408
1382620
1700672
1393798
1428903
1445764
1410950
1410341
1386137
1359163
1410348
1389899
1396787
1376358
1335448
1363776
1394842
1397634
1363087
1404297
1436039
1395824
1432308
1388127
1401903
1417252
1383842
1342215
1323556
1415473
1384401
1383271
1373474
1393514
1389212
1328573
1390530
1415352
1412561
1409243
1416159
1768547
1399723
1436225
1329438
1431520
1397233
1433421
1332903
1401798
1360048
1387749
1372341
1340716
1371527
1354134
1390663
1443011
1343249
1330384
1354147
1420529
1366314
1337313
1388207
1414823
1396168
1435449
1381336
1321860
1369682
1397421
1465603
1360952
1350767
1336777
1395151
1407354
1421431
1324639
1705808
1457679
1379665
1423834
1447365
1423964
1401515
1407383
1419849
1341535
1358749
1389899
1375746
1420308
1346045
1343254
1391721
1447955
1343166
1400608
1392736
1396917
1449250
1417497
1392066
1368009
1403315
1354405
1424312
1422538
1376089
1392257
1429748
1400283
1353064
1366280
1403505
1405878
1428891
1675917
1394607
1418730
1386984
1343946
1337425
1401190
1409043
1357179
1406419
1445977
1392725
1398589
1448070
1372755
1349263
1401916
1398874
1345745
1420832
1403362
1409037
1402019
1364776
1361115
1353170
1371615
1401538
1412443
1392334
1391003
1442951
1428843
1370917
1350396
1382038
1395737
1401864
1716839
1429783
1435067
1369411
1433940
1436212
1431905
1392715
1338258
1408521
1379954
1386288
1354640
1445068
1404900
1386955
1389962
1437588
1366678
1414275
1374648
1352305
1383369
1385338
1408349
1359732
1418048
1441577
1424189
1398510
1442241
1401287
1427021
1384196
1402215
1437032
1403269
1370632
1343139
1999996
1410005
1427262
1346990
1417392
1412646
1422123
1461092
1430973
1353976
1413768
1420880
1346887
1371351
1341831
1417752
1457341
1374476
1442719
1341871
1408770
1406464
1352458
1395159
1444978
1406119
1348687
1384150
1342162
1444123
1417985
1467529
1353923
1411438
1382469
1414939
1371630
1396113
1768251
1447043
1442968
1376062
1351471
1437872
1365540
1420760
1364287
1392169
1349250
1425663
1429550
1423794
1390167
1422932
1406482
1411135
1443522
1351874
1354377
1424584
1415938
1439169
1350366
1351408
1436816
1409331
1412812
1375618
1437488
1344399
1425395
1434546
1456022
1501730
1409556
1474838
1454833
1739483
1397862
1421527
1447787
1388761
1381464
1421765
1384101
1431138
1371411
1403651
1350115
1419599
1427618
1415468
1364829
1454219
1373359
1415480
1397161
1466236
1349561
1429838
1426796
1362483
1388332
1347025
1452633
1423408
1397150
1424450
1343344
1365102
1423588
1441018
1461733
1445294
1415447
1784058
1495684
1398398
1445043
1373900
1423591
1388929
1422897
1411699
1427333
1426357
1366482
1409193
1337817
1352147
1430329
1361559
1398862
1447411
1350538
1444169
1369720
1396193
1382522
1394276
1423285
1397333
1404072
1436981
1361426
1430449
1402297
1360760
1416545
1405913
1427821
1366638
1432218
1403878
1449378
1820206
1458093
1452527
1409671
1443382
1434000
1453550
1401719
1366259
1389289
1434684
1409774
1435054
1367790
1434654
1431096
1360115
1424072
1425736
1426718
1436280
1408842
1390540
1425510
1436144
1429354
1425510
1380400
1412694
1440605
1435959
1405254
1369405
1441873
1378733
1434824
1399147
1373801
1730480
1459073
1463081
1406460
1454685
1442903
1351140
1434862
1426262
1400022
1400257
1348834
1431504
1367377
1384068
1453738
1445374
1433547
1390864
1463017
1417314
1399436
1433466
1387984
1376999
1362456
1371687
1436490
1476667
11350739
1528547
1364733
1484466
1403657
1428525
1391971
1355244
1398614
1373712
1441765
1406532
1381269
1380011
1370705
1346504
1429648
1379212
1412400
1388816
1335080
1332537
1379583
1391056
1444316
1359153
1440558
1389032
1430351
1366522
1370186
1376307
1407149
1440091
1468045
1461561
1455732
1439578
1437814
1408602
1371860
1411225
1420780
1432481
1463997
1464690
1430104
1434637
1421481
1381440
1427523
1421401
1421507
1428370
1384344
1358371
1439187
1374488
1440801
1439618
1442158
1405983
1452187
1412336
1422256
1417960
1379788
1429738
1399489
1413437
1413778
1419549
1358534
1397797
1354846
1386889
1333522
1352292
1369162
1412726
1362802
1372782
1400961
1378821
1414770
1368767
1338282
1364999
1405788
1394788
1327538
1342642
1355147
1388673
1423857
1330963
1348203
1388952
1406339
1336882
1399717
1373331
1424125
1398726
1438255
1329224
1424586
1355966
1439808
1367182
1402508
1386444
1462230
1437982
1397612
1428605
1441919
1377352
1424892
1368124
1429637
1357557
1397171
2282123
1707199
1395106
1433446
1463617
1476068
1360379
1345660
1425274
1417968
1406750
1403690
1339814
1419712
1402092
1410404
1402942
1333399
1334454
1412167
1400696
1342442
1398599
1326656
1359070
1398734
1385221
1391705
1378597
1390432
1400934
1385544
1430850
1437633
1386852
1397719
1336501
1329252
1415518
1370213
1419467
1462573
1389861
1383028
1325683
1410333
1416858
1386764
1331174
1366760
1405790
1355226
1385336
1323699
1350513
1398922
1382013
1401203
1448674
1345291
1403435
1360389
1375426
1404151
1353778
1400132
1428234
1421717
1401984
1329660
1385303
1397672
1444261
1414462
1383394
1399335
1421887
1408547
1428618
1369419
1633495
1439374
1558060
1408800
1501422
1522984
1479810
1473478
1408211
1401411
1462916
1439650
1392723
1405785
1453054
1455805
1413144
1454815
1377706
1412348
1471032
1443424
1456301
1447995
1416890
1464149
1390502
1449909
1406226
1468594
1469333
1428923
1363519
1414663
1428668
1468371
1427457
1484501
1470441
1409994
1449789
1397905
1458992
1448824
1431870
1466386
1415788
1467459
1447519
1437112
1470757
1379124
1480078
1442038
1471265
1466986
1435865
1452322
1428933
1377701
1470338
1461047
1427646
1425942
1378001
1488214
1407496
1448185
1427713
1432925
1462362
1395742
1433426
1419599
1394968
1483493
1404978
1383967
1423977
1450923
1459706
1490968
1418003
1357689
1450006
1456579
1416276
1375142
1389473
1455842
1469574
1402086
1410035
1452613
1464743
1455336
1449408
1467281
1394194
1423962
1445577
1452445
1485062
1412889
1474445
1491515
1426703
1395281
1400806
1480536
1474768
1406477
1465653
1404612
1430735
1464122
1462883
1392860
1459571
1365874
1462766
1490241
1441946
1397544
1442391
1472746
1421609
1479624
1431379
1387375
1423225
1454228
1449638
1398896
1434546
1428021
1423852
1411749
1359293
1334654
1437942
1400426
1381171
1431614
1435819
1423148
1451886
1358762
1360484
1375661
1437883
1376829
1400455
1442592
1399661
1424132
1388150
1424360
1397265
1414602
1436295
1373245
1366563
1360334
1389056
1431278
1402217
1455121
1410321
1361266
1437267
1426020
1435256
1398255
1419416
1444755
1380945
1374428
1414121
1356312
1442805
1376220
1407898
1347571
1410123
1431516
1368407
1438625
1430881
1420845
1447242
1429955
1396597
1410201
1382645
1465740
1410205
1444890
1466460
1399796
1482829
1435142
1439854
1591218
1400944
1486137
1445942
1412546
1439387
1380086
1442010
1455088
1447151
1431239
1388576
1484741
1408665
1491644
1415956
1465838
1463041
1430332
1399498
1448733
1466693
1486876
1442455
1467491
1454810
1435942
1495536
1494259
1501550
1481847
1460463
1490888
1406906
1469038
1434193
1499317
1547643
1415535
1467963
1414876
1419750
1508315
1386070
1427537
1436734
1363217
1479930
1448882
1379274
1434584
1432111
1477455
1469248
1405938
1360128
1419397
1504106
1462560
1489465
1395862
1415332
1498135
1450234
1396336
1469854
1383344
1502830
1436856
1452748
1494404
1466605
1463382
1449375
1477513
1418872
1455986
1501630
1473177
1435569
1454643
1431855
1494218
1414052
1513417
1427647
1380017
1497257
1452761
1442088
1459095
1446265
1490653
1406790
1424997
1426207
1447902
1471847
1409077
1457654
1430758
1466192
1482143
1428111
1355558
1359003
1420080
1506636
1511475
1475019
1384516
1446596
1494061
1476179
1391778
1418439
1403535
1486704
1464239
1412904
1452142
1454469
1470797
1448558
1436276
1440184
1395269
1506745
1470962
1388109
1419945
1441590
1510929
1497137
1424741
1388120
1505324
1493777
1466622
1479321
1410315
1439360
1503346
1486693
1474678
1438402
1394825
1511809
1511726
1417455
1442176
1404995
1503901
1429677
1400563
1431356
1482797
1498280
1462132
1454895
1719255
1483216
1517904
1477479
1431311
1408586
1399869
1524973
1410846
1424441
1457501
1445143
1489082
1476849
1405006
1443526
1419061
1488044
1476848
1434982
1391435
1382599
1454670
1396040
1430506
1378853
1457754
1470441
1378899
1405232
1506507
1461736
1516296
1447280
1389568
1477264
1475503
1512793
1419695
1433233
1437378
1492041
1513355
1490898
1490181
1423744
1428878
1481388
1434205
1491655
1490497
1512194
1503544
1432073
1380452
1496423
1423063
1532020
1485498
1514793
1467471
1503605
1505105
1497410
1478888
1462721
1447734
1511390
1425901
1486307
2113884
1686434
1644470
1558037
1420907
1432858
1490457
2388502
1989775
1509112
1490717
1411288
1552965
1413162
1461295
1411771
1487836
1506218
1487289
1488856
1503359
1459693
1503301
1416578
1392339
1474934
1430061
1512390
1457839
1457834
1413984
1428666
1495378
1464475
1437225
1459548
1418439
1509406
1465429
1483330
1500430
1409278
1510516
1419745
1484952
1444988
1409732
1530263
1393166
1431970
1433704
1456231
1514372
1484270
1407093
1439282
1797740
1526184
1489226
1418707
1417755
1385802
1504955
1471523
1465088
1464302
1398647
1509305
1492033
1395983
1390911
1447178
1520068
1467101
1475618
1481985
1503923
1522199
1491292
1480020
1503882
1487112
1517559
1511505
1427523
1507305
1442194
1515141
1524239
1390730
1455674
1437848
1512999
1433516
1482383
1383075
1457534
1495862
1436954
1422930
1454845
1435050
1511435
1447208
1511976
1495509
1423941
1513693
1487993
1500490
1424433
1453472
1525322
1475994
1423313
1439608
1477439
1512801
1465848
1409330
1475971
1399902
1505336
1477224
1450227
1384389
1476182
1503332
1522700
1446877
1435400
1419263
1504709
1490830
1408526
1397516
1506491
1524941
1437691
1437698
1429567
1440174
1501660
1512976
1399009
1517544
1438245
1520325
1455525
1429642
1467103
1455103
1502480
1445506
1420892
1383610
1412525
1513196
1427354
1439317
1484428
1427475
1523119
1497654
1438152
1411624
1464086
1530449
1508975
1410939
1421218
1489179
1528835
1507321
1419291
1421899
1494376
1525793
1421677
1384399
1477525
1412613
1509388
1469213
1422461
1495641
1410506
1521784
1477963
1411979
1438507
1460656
1511252
1473037
1485445
1428930
1483593
1538562
1442101
1405823
1424659
1474402
1534428
1441589
1435508
1406657
1484568
1536743
1511134
1491555
1511374
1410927
1525856
1516602
1417001
1496601
1465745
1534769
1491071
1481488
1477249
1390294
1522240
1425438
1446245
1515467
1433047
1501540
1445429
1423303
1453347
1459042
1537718
1523029
1491196
1472198
1501527
1538527
1454906
1446210
1492840
1472603
1528825
1412593
1440036
1415403
1429402
1539520
1530762
1421997
1460072
1442669
1518952
1508348
1444431
1461997
1449486
1523528
1427668
1512084
1483541
1403618
1542043
1420978
1529326
1482007
1491452
1514429
1486024
1485618
1455650
1450239
1533831
1497972
1430657
1493885
1417069
1568047
1472261
1461152
1466309
1476312
1518594
1420326
1436107
1396800
1499192
1539269
1537247
1514797
1416495
1459464
1530612
1464893
1473579
1522157
1438675
1551079
1432717
1450273
1431040
1521110
1546884
1522170
1428334
1469780
1512001
1532696
1458917
1440172
1511819
1410518
1533047
1402174
1449819
1438501
1485360
1551163
1437906
1458323
1457203
1417226
1534891
1528144
1521115
1470436
1440961
1556790
1449746
1399002
1488302
1470774
1547162
1499879
1491261
1452083
1417519
1533159
1513477
1481388
1488988
1412854
1536841
1450353
1477956
1427966
1434618
1553514
1449932
1452870
1479595
1464951
1535711
1449603
1493077
1431629
1457905
1555073
1533025
1437906
1459439
1443695
1583293
1515018
1530832
1481458
1433270
1562226
1428127
1437488
1496631
1501281
1558676
1473939
1489507
1491562
1491309
1560239
1514582
1497180
1491963
1462641
1527773
1480109
1492459
1428146
1462040
1560836
1509834
1390144
1505035
1471245
1559219
1526612
1489708
1446248
1490076
1548121
1519431
1532939
1496450
1431634
1518514
1483573
1421471
1500455
1400192
1561399
1514472
1400007
1483811
1459055
1562312
1514753
1512547
1453540
1457178
1551450
1459629
1423914
1447709
1430116
1557826
1479993
1507305
1431444
1513094
1531805
1488718
1470909
1417905
1431095
1550247
1508852
1466026
1490983
1464883
1552652
1466567
1426578
1416041
1502141
1561490
1522751
1494373
1481301
1466903
1548819
1456240
1513247
1447719
1457857
1566101
1538973
1445864
1435187
1518224
1566885
1548698
1409619
1501612
1484571
1565176
1475390
1430986
1514374
1473826
1564113
1544158
1471255
1493857
1471514
1582616
1474365
1455201
1505594
1451898
1570255
1488665
1491547
1416422
1387746
1525485
1460899
1476685
1424528
1493220
1550560
1453710
1511490
1425362
1503963
1549046
1504176
1490419
1454442
1464630
1556153
1475179
1499265
1501061
1471688
1577196
1434812
1440823
1454113
1439528
1579847
1488693
1458401
1424210
1446877
1588692
1481003
1517053
1440187
1433057
1568578
1537796
1473941
1485125
1525244
1565787
1442292
1449867
1483869
1479930
1568230
1420657
1431534
1496408
1522694
1579859
1441925
1424436
1438227
1497303
1580135
1474397
1493557
1403477
1424904
1578745
1492807
1447246
1519383
1444880
1568277
1496493
1425375
1469376
1499122
1561369
1458175
1509538
1418429
1512079
9177289
2114381
1542970
1467179
1443384
1608633
1461902
1409371
1389242
1505294
1527532
1406457
1423571
1500189
1463861
1549444
1523245
1443181
1457777
1453472
1562951
1494995
1428780
1430524
1481669
1547625
1466512
1425931
1430818
1437891
1564366
1434030
1494446
1432704
1487161
1548836
1521275
1514897
1517725
1438836
1528221
1456063
1517499
1507150
1507596
1560941
1425212
1499259
1457634
1443206
1544185
1499019
1458401
1503792
1505644
1560592
1448095
1452483
1475455
1497257
1531268
1464948
1420730
1496896
1459929
1543987
1429755
1516539
1504649
1469902
1543967
1504191
1430895
1469278
1460245
1566735
1544780
1493023
1477096
1522856
1564692
1546145
1538966
1501805
1488036
1538713
1530504
1464269
1468713
1528797
1553601
1496789
1498781
1442196
1512259
1569403
1424002
1472924
1420554
1431399
1574284
1472884
1463139
1416299
1488888
1573139
1497295
1531215
1517612
1387255
1545100
1472122
1439510
1520020
1539064
1563036
1492454
1409046
1488823
1480604
1576326
1429422
1436165
1459764
1505251
1575232
1486663
1420995
1506817
1427257
1577262
1444060
1498027
1446824
1486195
1577306
1462898
1452415
1526878
1507145
1577356
1430978
1438565
1433599
1452289
1553769
1476963
1417906
1434236
1507964
1573247
1490653
1507917
1429565
1481910
1577637
1509022
1473372
1436931
1449328
1583375
1494554
1509693
1449060
1513811
1579273
1535786
1507278
1508856
1475339
1588346
1543060
1457537
1458497
1461809
1574874
1554419
1477815
1481606
1478274
1545481
1479667
1460052
1438876
1454233
1580949
1437508
1492748
1437656
1477081
1539272
1491145
1425543
1439189
1426731
1587793
1485017
1484839
1543511
1522561
1578296
1522934
1472353
1521488
1436864
1564643
1544992
1503324
1420985
1486694
1582045
1476595
1515883
1490587
1498994
1579850
1447626
1413165
1493569
1514221
1561840
1420649
1474222
1494225
1527652
1592885
1500858
1482875
1426563
1540371
1590208
1471431
