1827573
1417703
1394244
1394522
1475693
1434226
1369086
1351711
1360599
1418447
1383730
1377244
1326691
1320204
1414979
1291678
1390051
1322576
1315516
1753140
1356011
1384970
1360426
1340325
1329601
1379702
1316047
1386127
1296312
1341575
1280422
1336772
1307958
1274710
1352022
1350320
1297695
1311634
1273409
1315583
1344835
1361659
1336661
1272551
1375832
1325067
1271093
1361313
1268505
1297078
1275817
1276276
1324067
1265022
1335446
1284302
1263542
1356655
1651038
1356382
1374604
1353779
1371953
1269054
1332317
1322256
1286215
1317838
1263732
1372747
1335368
1336466
1275897
1266636
1323399
1353826
1326045
1300686
1282577
1369965
1273296
1274604
1297109
1274983
1336880
1262635
1279022
1303365
1271780
1304994
1293382
1283512
1344492
1303152
1342873
1363042
1692383
1422345
1352761
1335484
1348622
1305978
1329142
1315278
1329700
1328899
1384614
1368881
1319808
1380741
1292964
1332650
1395834
1316299
1416445
1388648
1364608
1356068
1321768
1320662
1328222
1307294
1303878
1318417
1415354
1373421
1320282
1392464
1328917
1381895
1344004
1334778
1340543
1320096
1730883
1325493
1276589
1390926
1341708
1331760
1343728
1375638
1343632
1337917
1351914
1405344
1372589
1371006
1332101
1402395
1323544
1383875
1393697
1328568
1340190
1297487
1300441
1398376
1323424
1370557
1400022
1368022
1348028
1343981
1361220
1314709
1352786
1332968
1324586
1324489
1388240
1356896
1384038
1696858
1428888
1392833
1322752
1376854
1343786
1384148
1318826
1376994
1397894
1334396
1322457
1350536
1388701
1399315
1326033
1403563
1330560
1411751
1323885
1361305
1386286
1342588
1395108
1411742
1327067
1313549
1309401
1314168
1348973
1337053
1329550
1308712
1403037
1407474
1333828
1415410
1387666
1658443
1440865
1356782
1337153
1367800
1395303
1354643
1332044
1352553
1305357
1358965
1419692
1334867
1305480
1350947
1395316
1405931
1343041
1401237
1417078
1388471
1399611
1344164
1403312
1404673
1305570
1380547
1334258
1335607
1338120
1375175
1365518
1343896
1339461
1381953
1383652
1322747
1361190
1660377
1430116
1356096
1417803
1346043
1387566
1419719
1360729
1331925
1346035
1363821
1393570
1399788
1398122
1336401
1408597
1316585
1394106
1338806
1337416
1366746
1378540
1306741
1347552
1344176
1376155
1363503
1339458
1280746
1309717
1365428
1365533
1409354
1329423
1338032
1379891
1352749
1306157
1364688
1707295
1394898
1349283
1388544
1382584
1360832
1360722
1359148
1308126
1362638
1331720
1417425
1396902
1344975
1378412
1347369
1379440
1390833
1375904
1396724
1339832
1378204
1397880
1384428
1356958
1325423
1322697
1300824
1346652
1357374
1352796
1432018
1363393
1340210
1390009
1352693
1361989
1379706
1720474
1349072
1367540
1375398
1413005
1406815
1355359
1351165
1316503
1387538
1294963
1324631
1340942
1350639
1372674
1292553
1374830
1326295
1356191
1298120
1325300
1289047
1336572
1349218
1356848
1354332
1362190
1341555
1390798
1294565
1296156
1389753
1334134
1315135
1381878
1393246
1385899
1349168
1348444
1673249
1362195
1323301
1372496
1343557
1369965
1330270
1317447
1339475
1369623
1348083
1450225
1339047
1362736
1350215
1376683
1403087
1394416
1341019
1388119
1359128
1280212
1413663
1367116
1421150
1317906
1366032
1320489
1349381
1493606
1318312
1402719
1356971
1360751
1324672
1335154
1391891
1422295
1720517
1426864
1423052
1303508
1363017
1371406
1438586
1419922
1403841
1384018
1363756
1434093
1323940
1382679
1333554
1362889
1365307
1425335
1364951
1319271
1361814
1328858
1387498
1354608
1389145
1356554
1365824
1331409
1378836
1435083
1364866
1423779
1325291
1326088
1335113
1362416
1415282
1386777
1370341
1694445
1419782
1427803
1409672
1392485
1409208
1367084
1344427
1389122
1303618
1408344
1365415
1345083
1363308
1376763
1397205
1369296
1387633
1423205
1319492
1374824
1377067
1354290
1314971
1369249
1390914
1367174
1356853
1376984
1362037
1319736
1363944
1409384
1334895
1351736
1394918
1376751
1385464
1430670
1697670
1345507
1397872
1365974
1393993
1332452
1361742
1375323
1381730
1419196
1388926
1326198
1378530
1332216
1322650
1366187
1393702
1375831
1353625
1330034
1303982
1356993
1369339
1356044
1420524
1407326
1402493
1372521
1367209
1356161
1318299
1420501
1368156
1326045
1416485
1318104
1354590
1372502
1727889
1465905
1363288
1332820
1397561
1406001
1407720
1378941
1397784
1378750
1386880
1384556
1351704
1423207
1386243
1342304
1350416
1343236
1346283
1369157
1413889
1379387
1325471
1327119
1377480
1338175
1350681
1410586
1333395
1378909
1439019
1352055
1334817
1337992
1375063
1417104
1345745
1382767
1413167
1757224
1387508
1337960
1423310
1425420
1392871
1399859
1378475
1356647
1395844
1388518
1393587
1377972
1331064
1361982
1382529
1397335
1341683
1396110
1427951
1389713
1424233
1388377
1413287
1418101
1388945
1337358
1323389
1418559
1383439
1384970
1367006
1388052
1386784
1314293
1369868
1403170
1390102
1407186
1741615
1443892
1394782
1439134
1333442
1439695
1408413
1442031
1329761
1408389
1336842
1409117
1371692
1345589
1356682
1353377
1399684
1445524
1345068
1328635
1346103
1395213
1351729
1328864
1379720
1402994
1386854
1429791
1359356
1328405
1357880
1386228
1446616
1354895
1344108
1325856
1388566
1389217
1420138
1669999
1411476
1419910
1378400
1424180
1431622
1416016
1395343
1407782
1425102
1336453
1358211
1381134
1363844
1404710
1351050
1333690
1389205
1446862
1327453
1396990
1380297
1386022
1440282
1414104
1378936
1367723
1393387
1352784
1415711
1419048
1359238
1400445
1419494
1380377
1348378
1354618
1396366
1717776
1463638
1332554
1348023
1414049
1382231
1340212
1327833
1397601
1397904
1353538
1404430
1437551
1399238
1392770
1419364
1366828
1323577
1381093
1381990
1347587
1402077
1405229
1395457
1394075
1344625
1371296
1352450
1373426
1394527
1405853
1391222
1373920
1436882
1420747
1358466
1344703
1389446
1373982
1781236
1414067
1393563
1432264
1364032
1406973
1440354
1417906
1396514
1335880
1405544
1375240
1365581
1342851
1432316
1413981
1371647
1390738
1426886
1369898
1407393
1367255
1347113
1391284
1379615
1404993
1360622
1402710
1442104
1421631
1406905
1456556
1392427
1426210
1380404
1410083
1423468
1399210
1365906
1681733
1658059
1383967
1422318
1343111
1402325
1411446
1417116
1454941
1430572
1339681
1405910
1409546
1343382
1360895
1339170
1405339
1449458
1367895
1441277
1330332
1408286
1401788
1339333
1391211
1433927
1410869
1356452
1382953
1340232
1430179
1406141
1469246
1352959
1385146
1366430
1404768
1366302
1718929
1474921
1396755
1428653
1378968
1337939
1443564
1360499
1413651
1355450
1383349
1346283
1416893
1430765
1416725
1382193
1420381
1387443
1414987
1443276
1350330
1348840
1418617
1416828
1435160
1339210
1344274
1427282
1411621
1397968
1376445
1426748
1342167
1417502
1425778
1439735
1488271
1397775
1855136
1472922
1416234
1354057
1400679
1433351
1383055
1367277
1419937
1363430
1419043
1369557
1402516
1344940
1435375
1415793
1410480
1350686
1448383
1364137
1423296
1392557
1446721
1339506
1413888
1409790
1362077
1376297
1335564
1439816
1417853
1379442
1427946
1343422
1365006
1415250
1435578
1441843
1428993
1418420
1819732
1466016
1384502
1430983
1371650
1451640
1381848
1469138
1411521
1433040
1432669
1357457
1407381
1339122
1345166
1421556
1359313
1395456
1436679
1347832
1435581
1351819
1384095
1369772
1385900
1434631
1377084
1409448
1430932
1369434
1422871
1399132
1351863
1412416
1400653
1424250
1369845
1424951
1743242
1485882
1439245
1436165
1449506
1408066
1440620
1432705
1453387
1383246
1366004
1376628
1422012
1402299
1426964
1378167
1425260
1434852
1363315
1424217
1428327
1417637
1427477
1405036
1386170
1409859
1427154
1432027
1418873
1381507
1398220
1440515
1431244
1395815
1371269
1424355
1374235
1433364
1721781
1424668
1394637
1416149
1453412
1408772
1439766
1430359
1347915
1431642
1428999
1385529
1413578
1350223
1441995
1356635
1376992
1456694
1429730
1438528
1393439
1458095
1410967
1390673
1439034
1379838
1367392
1367630
1366283
8797418
6015084
1420073
1430928
1348812
1477980
1402598
1441988
1395592
1380259
1435278
1397111
1457776
1422694
1390741
1431972
1380695
1380490
1444231
1399997
1442442
1404582
1341039
1360253
1403728
1431915
1462136
1387588
1449062
1376728
1427485
1369547
1352388
1365691
1397157
1447837
1445291
1454773
1445659
1426112
1427811
1403785
1355472
1392916
1397601
1432584
1448443
1449979
1410744
1438478
1464818
1403151
1428811
1422925
1415174
1428688
1371700
1348789
1429974
1373468
1427239
1450533
1423884
1398067
1434198
1435762
1403389
1425039
1399499
1404244
1432569
1452640
1437295
1455451
1377763
1438816
1381274
1428209
1349296
1388388
1447153
1445483
1387942
1393003
1449260
1438700
1423554
1389337
1359123
1390870
1434839
1423989
1360528
1374262
1352826
1438806
1429289
1348492
1366866
1419489
1438756
1358664
1413237
1384584
1440096
1428109
1428332
1350381
1434481
1349779
1433822
1371020
1393452
1384035
1442798
1436473
1371998
1417803
1458065
1361258
1445339
1396208
1451107
1390067
1414165
1515940
1471147
1365740
1441718
1449107
1460439
1396965
1386431
1446348
1440049
1448220
1419606
1358862
1445912
1436412
1438946
1418695
1359997
1367472
1438483
1446839
1377358
1410405
1347661
1374889
1434132
1410754
1403014
1406931
1413743
1447882
1415635
1426382
1458662
1409949
1446251
1361291
1378923
1430622
1369855
1443980
1425731
1424047
1406790
1360260
1448458
1448045
1409992
1354901
1392216
1446325
1380552
1402603
1351728
1386217
1450247
1396724
1426289
1464906
1366137
1442763
1388942
1408512
1424435
1374188
1452510
1465189
1440382
1407910
1356259
1442527
1422403
1470719
1440743
1406795
1439710
1448175
1423574
1451726
1385621
1526108
1427643
1468201
1368078
1403921
1447063
1470940
1426791
1379059
1384850
1449481
1423589
1388005
1415964
1445499
1449864
1398952
1450024
1353982
1410118
1441818
1435042
1447180
1449380
1406586
1448245
1393732
1442655
1390984
1457720
1456892
1421400
1367069
1404417
1422155
1448659
1425032
1465695
1478000
1402337
1460954
1383264
1444012
1443251
1432677
1462621
1410305
1465771
1449636
1443680
1459581
1366999
1472483
1440377
1457238
1458569
1433306
1457640
1414552
1385464
1459972
1452899
1423553
1437896
1375120
1472493
1392584
1432687
1422526
1416705
1458444
1366856
1422423
1411010
1399739
1453362
1418900
1381953
1437656
1435378
1472884
1475936
1414683
1356865
1438445
1462831
1407820
1372636
1383306
1452720
1462751
1400007
1385694
1433151
1435646
1451189
1427648
1464407
1368542
1407063
1458705
1400511
1458182
1377989
1456241
1448681
1410609
1366606
1371712
1464089
1453928
1392913
1432732
1376215
1400122
1449548
1456486
1368246
1459328
1363899
1462809
1466179
1424135
1374930
1423358
1459851
1412029
1439287
1413430
1396216
1459050
1455296
1466226
1418730
1443988
1451283
1421224
1423336
1355051
1341540
1453936
1416352
1382524
1442837
1434869
1453745
1435373
1361143
1370735
1388225
1451242
1385278
1401102
1454657
1389568
1455546
1405657
1422516
1402157
1413531
1457917
1385701
1372191
1359426
1389382
1469404
1397233
1462550
1410909
1363902
1461623
1439893
1435486
1385411
1415375
1457972
1374057
1365979
1416633
1368828
1464480
1392778
1409569
1355910
1413392
1457616
1376793
1434992
1443361
1425418
1464923
1436826
1399059
1415372
1371521
1464911
1375268
1417144
1423042
1377758
1479938
1416207
1447626
1390122
1403034
1486185
1445423
1410704
1447536
1395016
1462575
1455702
1450987
1423255
1354510
1463616
1376152
1459701
1381956
1442710
1469000
1410877
1376693
1405477
1440683
1469849
1428505
1427685
1437055
1412162
1469569
1478386
1457033
1452969
1427069
1465464
1396078
1447651
1411073
1489767
1529258
1408659
1448317
1395447
1428349
1486703
1374278
1419620
1420093
1357133
1479021
1443199
1376212
1423942
1423163
1472812
1469351
1404878
1366235
1391590
1483611
1446030
1461002
1371938
1384068
1489129
1435062
1373131
1458474
1362356
1477735
1415467
1441018
1480529
1459043
1484120
1429459
1462207
1399804
1440174
1479384
1482927
1445995
1436443
1427450
1488683
1395872
1487663
1431632
1379991
1485486
1429537
1433461
1462019
1474257
1484105
1388383
1407449
1408399
1441193
1495440
1390353
1455905
1414488
1461518
1488673
1422734
1377295
1373576
1415863
1483406
1497104
1450172
1384078
1437152
1483962
1454429
1368424
1406039
1393808
1491530
1460571
1394293
1454161
1429630
1514302
1436373
1432940
1420143
1392929
1502236
1487550
1369442
1421065
1459295
1498821
1498305
1401751
1384858
1477128
1503226
1478098
1462551
1397086
1427412
1501519
1508594
1454705
1438395
1380266
1515542
1492033
1426959
1441163
1388706
1502254
1409180
1370923
1425177
1469599
1498874
1447300
1473258
1473458
1438144
1510362
1445300
1423195
1391377
1391177
1502575
1398734
1412330
1465089
1431006
1507168
1462463
1419479
1451813
1441698
1507870
1512903
1432236
1412095
1396539
1505225
1402621
1450566
1391841
1491963
1509363
1409596
1403247
1503161
1457438
1505827
1441950
1378249
1484047
1477306
1510395
1406168
1408128
1429470
1473125
1503735
1486373
1459656
1416051
1398541
1511803
1434135
1451435
1479324
1482827
1496576
1455136
1391367
1490271
1412258
1513605
1478302
1489728
1467098
1493331
1510836
1487408
1469474
1467915
1423473
1511147
1410827
1473834
2117936
1673697
1728418
1513394
1393542
1398108
1473858
2386698
1648319
1481238
1530631
1439773
1559164
1415297
1498210
1424859
1486580
1525670
1516314
1498620
1492397
1479138
1508068
1437969
1394893
1488013
1439774
1505972
1424075
1426855
1377626
1406066
1479712
1460533
1419642
1466329
1395737
1522688
1454259
1452425
1469654
1410198
1495464
1411762
1476663
1460446
1433845
1527708
1406946
1423085
1439134
1493657
1510105
1452986
1409870
1403748
1792325
1527199
1488873
1419266
1416392
1403522
1504389
1458556
1474553
1464911
1390274
1515545
1521851
1398318
1379034
1448037
1509072
1461413
1472639
1475423
1497303
1509847
1487122
1488403
1502925
1478732
1482396
1510904
1424518
1486097
1422589
1484440
1522731
1422323
1461122
1413704
1522646
1412919
1470875
1407419
1437511
1492642
1432843
1404141
1437461
1420294
1525560
1440498
1502645
1500465
1447436
1485397
1479366
1495506
1418389
1461077
1519466
1473791
1428099
1437664
1477387
1503968
1464703
1409326
1477550
1404244
1522140
1517960
1456063
1399960
1474736
1519744
1523640
1422351
1414290
1408261
1518383
1504088
1389771
1384779
1484942
1524886
1418930
1408657
1403507
1414876
1518289
1483624
1394785
1508183
1459115
1537670
1434153
1436115
1451402
1462099
1503500
1447523
1437646
1398711
1436342
1526106
1422225
1423664
1481348
1432604
1494811
1515025
1442464
1399766
1466427
1519479
1496962
1412721
1413435
1449277
1534027
1532403
1423609
1443905
1494810
1531877
1451202
1386258
1501349
1390031
1513317
1452622
1414165
1527048
1400656
1533784
1495338
1422999
1435699
1466142
1534658
1477608
1483048
1425012
1493850
1515209
1438285
1408379
1416816
1460777
1513034
1437501
1430484
1372394
1476220
1529313
1519393
1504500
1509139
1409120
1538224
1506305
1436473
1468570
1481015
1537033
1509904
1469682
1471683
1397053
1542554
1435649
1427490
1510490
1437969
1520706
1432712
1407113
1448719
1450041
1531296
1491096
1453061
1438162
1463878
1516845
1441279
1415725
1495175
1484182
1538941
1424578
1441808
1407336
1428845
1508523
1526465
1412991
1482682
1438954
1540550
1473425
1443254
1452224
1424445
1547853
1454043
1514745
1458343
1398880
1549012
1430660
1518366
1472995
1479933
1545939
1489392
1481975
1438899
1443054
1544593
1484538
1437302
1468223
1391648
1538688
1442040
1447496
1488114
1511295
1546285
1426691
1447238
1392003
1500720
1541083
1511555
1512783
1411601
1459113
1545069
1467409
1474130
1518755
1421972
1513956
1381580
1476999
1404637
1524069
1547856
1494661
1433978
1490191
1510658
1526825
1459330
1435509
1517850
1430424
1546904
1402275
1475420
1416770
1489327
1543511
1438616
1468567
1447484
1424480
1553557
1528081
1523477
1460105
1437952
1532954
1415490
1381627
1424673
1456063
1508193
1486503
1469869
1448696
1420184
1550347
1525149
1473265
1492204
1410957
1542802
1465737
1468433
1442765
1439106
1530849
1440710
1427399
1491076
1443154
1552253
1472308
1493096
1420829
1472446
1554096
1532441
1411297
1412874
1416320
1560114
1535348
1527286
1485596
1436837
1559879
1429672
1473733
1499125
1497594
1533077
1457043
1477955
1499227
1505877
1554433
1491945
1484668
1518183
1476851
1560302
1492088
1491484
1422576
1469717
1544471
1506351
1413598
1489530
1434588
1544879
1530288
1487730
1446621
1480532
1538234
1517221
1529091
1457068
1434546
1558789
1476154
1429161
1494113
1420962
1557285
1531022
1398090
1510976
1454281
1553642
1512966
1512761
1425232
1456389
1533984
1458492
1415736
1439949
1410566
1536523
1485966
1505198
1428720
1504078
1562207
1494691
1478780
1412401
1414881
1547230
1492123
1469459
1474145
1456682
1546508
1450370
1425794
1415660
1492208
1540662
1502297
1464176
1477595
1468820
1555914
1423007
1479231
1429306
1421077
1541143
1516554
1443329
1436959
1517972
1570979
1552800
1427785
1526315
1478203
1581518
1475224
1423005
1528304
1447263
1577449
1541727
1481073
1499941
1495854
1553457
1472262
1446288
1527497
1453913
1546102
1521558
1521575
1457681
1432153
1599790
1486370
1475926
1404299
1519770
1580686
1479938
1515479
1434052
1523856
1584671
1511748
1512946
1461694
1480576
1599068
1488402
1531937
1509576
1457689
1599417
1437972
1456958
1445877
1427226
1587387
1514930
1484706
1446165
1446604
1594711
1508554
1489452
1458656
1403575
1595002
1531807
1474573
1494739
1518950
1588419
1433677
1458036
1495443
1501437
1578914
1458992
1441419
1509178
1514921
1585372
1442926
1425325
1428896
1493614
1558681
1466758
1503143
1412691
1420073
1580546
1486674
1461470
1518286
1428720
1548388
1492171
1436842
1463079
1491450
1586038
1466883
1513906
1422559
10285542
2048076
1437320
1437468
1512126
1582044
1597560
1486633
1454707
1436824
1524888
1570932
1438616
1450844
1526540
1489052
1584809
1560753
1462650
1490271
1454324
1586232
1505873
1431797
1417203
1486766
1561061
1464682
1433724
1426816
1458130
1573953
1438699
1493143
1424235
1508368
1588895
1518161
1508165
1501773
1429076
1566672
1444519
1512969
1508110
1487758
1563126
1452084
1511036
1454670
1450801
1566939
1503623
1457516
1498573
1525575
1567977
1433567
1459383
1466231
1513315
1567053
1464067
1425916
1490817
1456508
1568458
1435220
1526043
1492981
1462705
1569024
1512522
1446406
1465848
1456677
1563069
1546357
1522596
1515705
1529140
1573545
1529474
1522097
1509778
1473543
1595432
1533560
1460599
1472175
1515718
1576329
1526896
1508849
1436037
1521811
1570914
1450365
1474536
1422053
1438004
1575046
1475445
1471198
1433751
1511450
1606899
1506612
1541223
1524751
1415628
1579133
1485207
1431637
1527294
1522766
1575553
1500532
1428123
1481630
1493454
1579353
1439520
1452996
1455444
1525841
1594478
1471779
1443913
1545694
1426134
1578481
1441131
1485506
1455450
1510280
1585435
1465650
1454580
1539029
1511172
1581132
1442434
1440324
1435012
1449323
1571861
1486092
1446296
1443010
1518544
1593717
1485185
1504256
1432892
1480181
1587903
1503088
1475202
1431966
1441079
1577752
1506423
1515785
1465863
1514846
1576309
1530496
1496799
1514234
1476359
1588698
1534478
1464657
1443885
1457003
1582927
1547109
1481822
1479291
1470160
1582653
1505020
1489569
1463175
1482829
1581333
1458185
1447282
1424804
1503312
1577205
1491480
1429312
1426918
1433476
1585889
1489753
1498352
1529710
1521578
1589935
1530088
1468531
1505634
1430138
1586465
1557323
1503036
1430673
1488633
1585665
1474846
1531215
1483954
1514344
1588161
1468328
1452751
1518146
1523192
1592486
1466294
1465798
1490873
1509691
1584297
1497488
1491414
1424786
1545934
1589236
1477996
