1837929
1389270
1361583
1333334
1387639
1302114
1309529
1286702
1281076
1372115
1336932
1352921
1295605
1288321
1381314
1270274
1355763
1313100
1274975
1396992
1643533
1391944
1319923
1309174
1293911
1360067
1290361
1364000
1278591
1312719
1295648
1409694
1429412
1347128
1338882
1399408
1426255
1436944
1432699
1442469
1393625
1393758
1334609
1381871
1407834
1371799
1313173
1390655
1325152
1339694
1317242
1333983
1356117
1337100
1357364
1338676
1285559
1363904
1622335
1413169
1406910
1410336
1388939
1307196
1367063
1373248
1323368
1372278
1311559
1423092
1356063
1387350
1321965
1333703
1345364
1354891
1314814
1311822
1327837
1392169
1287494
1293179
1307592
1315090
1367390
1271339
1299484
1314107
1307142
1327478
1309093
1294107
1355071
1342129
1336559
1340951
1352623
1705566
1349370
1324093
1327035
1292483
1324155
1303573
1328330
1320976
1364861
1347526
1315177
1380723
1283367
1319054
1389994
1314902
1406803
1379114
1347582
1340996
1309961
1308930
1312827
1292110
1289819
1309780
1409090
1357898
1303614
1368249
1316378
1376842
1329451
1315322
1332953
1314553
1394632
1603115
1307196
1368209
1342262
1314197
1338105
1354941
1346351
1315586
1342505
1384829
1352974
1332081
1314365
1387300
1307239
1363351
1383369
1309296
1337576
1279260
1288211
1370487
1313942
1352786
1390733
1348288
1332595
1326014
1348411
1288860
1332760
1307306
1319953
1310093
1378919
1347604
1375759
1659202
1424879
1388330
1292458
1364566
1328904
1381524
1303423
1368053
1369780
1324491
1307570
1340690
1368618
1382364
1319958
1356695
1318716
1399534
1302346
1348622
1367826
1318194
1375573
1384820
1322469
1301165
1299695
1302912
1327536
1318505
1319269
1292087
1383544
1388313
1321935
1389864
1370574
1333336
1710196
1382649
1347717
1351395
1379653
1335980
1337388
1343667
1317445
1344213
1394031
1323180
1283668
1337866
1384552
1383905
1331968
1378142
1395098
1367159
1380480
1327147
1391971
1378828
1300483
1363636
1328066
1308525
1318007
1354034
1345179
1331362
1339566
1362208
1361937
1300366
1345301
1323253
1694640
1370094
1396211
1367472
1369414
1418299
1339599
1335509
1337356
1362105
1384398
1391954
1382472
1346031
1419898
1288726
1401255
1334422
1342438
1351005
1385552
1294863
1354991
1338481
1395576
1327340
1343818
1298754
1341395
1397542
1359088
1396544
1354177
1348737
1390670
1372506
1319452
1354232
1343555
1724436
1361857
1379089
1375286
1377009
1359867
1351450
1301546
1366863
1355690
1421200
1382584
1342994
1367717
1360026
1377127
1399578
1371357
1375929
1353475
1389042
1400035
1394206
1376415
1346018
1352049
1298552
1323897
1357274
1352523
1426275
1373388
1375521
1403448
1343640
1344733
1394016
1400713
1305615
1709038
1374441
1402879
1397153
1346938
1344484
1326967
1399312
1303899
1305535
1353528
1364154
1368332
1319692
1370008
1351616
1352077
1327112
1331908
1306202
1353577
1357359
1343918
1345547
1352969
1348969
1429971
1302764
1302290
1372807
1359835
1326193
1374874
1374589
1381081
1348353
1336296
1330475
1664333
1346662
1488954
1326944
1338999
1316418
1301501
1329938
1361241
1347076
1522899
1371060
1442838
1385993
1337065
1502875
1411047
1415813
1389114
1390394
1312418
1404111
1354597
1441382
1328709
1393890
1343685
1363333
1490833
1358520
1405234
1365209
1371600
1350115
1352934
1415515
1373158
1379149
1689594
1454028
1313212
1343184
1391077
1436498
1428109
1383021
1385524
1332863
1421463
1280012
1371729
1325886
1344437
1342129
1407356
1351639
1325113
1335468
1327382
1364756
1344663
1369487
1365172
1357470
1326598
1359464
1429628
1343682
1439402
1305139
1333133
1340704
1369803
1427865
1396163
1371239
1360193
1714313
1459970
1417713
1411451
1418730
1387604
1349085
1410493
1319269
1431066
1368374
1359301
1359388
1399283
1403087
1366292
1390254
1445163
1320492
1400172
1376072
1364140
1328287
1383175
1427889
1403181
1357041
1393294
1370765
1338386
1353214
1396596
1344747
1359409
1368900
1388954
1387900
1428397
1373025
1619984
1404856
1388809
1394617
1356462
1362568
1403483
1386885
1434444
1425089
1351435
1391778
1347664
1337782
1389438
1403628
1391440
1371283
1326200
1300784
1361299
1411952
1349609
1452783
1402079
1419183
1395637
1368857
1364147
1326904
1422882
1401255
1337363
1436611
1332414
1385696
1392397
1412919
1443709
1683956
1335007
1405058
1419612
1427375
1403512
1405559
1400112
1400921
1422674
1369582
1448446
1399781
1364312
1360421
1371945
1362704
1408463
1410671
1409644
1336161
1349226
1402992
1343480
1362110
1440565
1339130
1408281
1435050
1383098
1354715
1358459
1405460
1446383
1365340
1397691
1421897
1406163
1662246
1325508
1439510
1458463
1412515
1403390
1402706
1382008
1418846
1415096
1405462
1382645
1338393
1374516
1406357
1398969
1367116
1414600
1441665
1385421
1405612
1368938
1373461
1394066
1362966
1325774
1292746
1398910
1361045
1358011
1339742
1383637
1358006
1312586
1356981
1409321
1397835
1404933
1387173
1668110
1351876
1413720
1301917
1412794
1355936
1415981
1334213
1418456
1340864
1395988
1362959
1339842
1352225
1356069
1384000
1432398
1350265
1336594
1363909
1390207
1357414
1348930
1385864
1425563
1352856
1450730
1374228
1314914
1348010
1381615
1462112
1371577
1349248
1351470
1398401
1420285
1427810
1346907
1679353
1483741
1409223
1448464
1453417
1442466
1431579
1408098
1429066
1359692
1364312
1419336
1359514
1431364
1358952
1355863
1397761
1455577
1324591
1408293
1386691
1419981
1450944
1439683
1395128
1387140
1414495
1386654
1414450
1449671
1367194
1425543
1425601
1395331
1346339
1378891
1409156
1411140
1707124
1334980
1346950
1421802
1378578
1350764
1344312
1383055
1422464
1337904
1413455
1443732
1414688
1416099
1463368
1381023
1345344
1393998
1430341
1345467
1451608
1411529
1431580
1422318
1377538
1366678
1377084
1363656
1424739
1383599
1393632
1357642
1447247
1457101
1368645
1331016
1373654
1364034
1379858
1684783
1415532
1443850
1365943
1455083
1421582
1397373
1372043
1322569
1374626
1350905
1344680
1322131
1406577
1378490
1360792
1365510
1417868
1334747
1379780
1342846
1331580
1352543
1375919
1369494
1351488
1381384
1436994
1430349
1408088
1460132
1409787
1426408
1389598
1401029
1454780
1403517
1376506
1349840
1987973
1372797
1438656
1327653
1402019
1422987
1434218
1461175
1460288
1355342
1440908
1412232
1362147
1381307
1358336
1413325
1454890
1370099
1456208
1341881
1428272
1417974
1356291
1400694
1417883
1369978
1345342
1346201
1343680
1426382
1434824
1472711
1370617
1416756
1391617
1417946
1353305
1361711
1768252
1441512
1440347
1401518
1355019
1457963
1385592
1435050
1372293
1409717
1360794
1419317
1416282
1440237
1395609
1436837
1413092
1434162
1422997
1351360
1370462
1435105
1416342
1462247
1352495
1364546
1438054
1432249
1403395
1391868
1433273
1337308
1420662
1998793
2049304
2108126
1919396
2104252
2300397
1485789
1360128
1400591
1462891
1388105
1382384
1453565
1384213
1419431
1364468
1412646
1356855
1435836
1427064
1416204
1353369
1460170
1377944
1404650
1402773
1441339
1346517
1413518
1410739
1350734
1376302
1328427
1433351
1382251
1380643
1406442
1330249
1355603
1411691
1427611
1434994
1404730
1421286
1772131
1488525
1398423
1421163
1363124
1431051
1394928
1434519
1415438
1436338
1420834
1359809
1416512
1353234
1346432
1412300
1344312
1383369
1436784
1352538
1398032
1331848
1396368
1356993
1369780
1383058
1366630
1373569
1421263
1348043
1400969
1380710
1337158
1400804
1387375
1401077
1332542
1393918
1416194
1786150
1482344
1418988
1435064
1372140
1429299
1409063
1433085
1393314
1374621
1377563
1433358
1392484
1432594
1381128
1440265
1433186
1369447
1424892
1443838
1438891
1428550
1390826
1391573
1413122
1447238
1430136
1430635
1382980
1386749
1465722
1422443
1373017
1351296
1399541
1354503
1415983
1403049
1372672
1743076
1446406
1465979
1405720
1452793
1447737
1369773
1438101
1454530
1393975
1414235
1365378
1422390
1366761
1387132
1463550
1433133
1456151
1377774
1476617
1433231
1404938
1435824
1379930
1342437
1385498
1383773
1469965
1477773
10836406
1980912
1634194
1471586
1378562
1414262
1352009
1330184
1387784
1382141
1443236
1410296
1393602
1417776
1382028
1341941
1395714
1343933
1386724
1375352
1304292
1313504
1372472
1419785
1446779
1373061
1440407
1364678
1421489
1354468
1337489
1347827
1381835
1420862
1417935
1430527
1422328
1410010
1407963
1398493
1325636
1384253
1398456
1416377
1448150
1446563
1412526
1450974
1406532
1381527
1388129
1371073
1359559
1402412
1361135
1350370
1415563
1361644
1425430
1431930
1409937
1366032
1408704
1397083
1383531
1390094
1369625
1390375
1425114
1420239
1403509
1424548
1324238
1402019
1337456
1372261
1300233
1340791
1383283
1420695
1378573
1377247
1430257
1424784
1386500
1370968
1355563
1383018
1426600
1419680
1335949
1358018
1340107
1406727
1407121
1335233
1351681
1394181
1389626
1332875
1401062
1370371
1424781
1427104
1412882
1318162
1404006
1318552
1413610
1367191
1346619
1358610
1394196
1427289
1358597
1398263
1411508
1318941
1376347
1387919
1427896
1375320
1380445
2262758
1683207
1391979
1450537
1465918
1488592
1367316
1365994
1423325
1436411
1458958
1430207
1352523
1452337
1413493
1455321
1394501
1351591
1369883
1452881
1444667
1338124
1413691
1333627
1376801
1453199
1409173
1386208
1408531
1411658
1450753
1420900
1453751
1472248
1423626
1465409
1364428
1368983
1424879
1400506
1405938
1449498
1423975
1419501
1356600
1453570
1440307
1410704
1342814
1395677
1441579
1385145
1408261
1352728
1389490
1434757
1393800
1407066
1452099
1374316
1463956
1388663
1423450
1433250
1392379
1440247
1471662
1452199
1422220
1372995
1460619
1421572
1472831
1445251
1398310
1448726
1462239
1423200
1458687
1365781
1472653
1415833
1468015
1397486
1411586
1459268
1482183
1411315
1383466
1372597
1459393
1411719
1390029
1428132
1448323
1428104
1367841
1414219
1323552
1380021
1413819
1411323
1421351
1431940
1372150
1422688
1364585
1424125
1365264
1443898
1413826
1407539
1333717
1387569
1397426
1434471
1400057
1479712
1454131
1423511
1457617
1402322
1450699
1464871
1438355
1436455
1432953
1429928
1462455
1438317
1462911
1379522
1476660
1449087
1448939
1465146
1436093
1461350
1419886
1392111
1460503
1461167
1706087
1432671
1400563
1497438
1389926
1426212
1434220
1413703
1461759
1396584
1428783
1428239
1387859
1474901
1397419
1394768
1429023
1436112
1474403
1463643
1416640
1366219
1445502
1473942
1389964
1386123
1347656
1466229
1424954
1410831
1401498
1463414
1450225
1478755
1439247
1485941
1381011
1415398
1452269
1416675
1489009
1404771
1484158
1469812
1415247
1378385
1372765
1463490
1476710
1401044
1450365
1399563
1424460
1467828
1473362
1371962
1460198
1344609
1461451
1488192
1464979
1383975
1447489
1465930
1439242
1433880
1396016
1424413
1443364
1486761
1459201
1422493
1458662
1448388
1440319
1444276
1377803
1376213
1472064
1433905
1404528
1464868
1432637
1489968
1426630
1392835
1378132
1419321
1468712
1411969
1420126
1499410
1407622
1435842
1427903
1448954
1417113
1435054
1472398
1369071
1381747
1359140
1410574
1467654
1438379
1475433
1419221
1384840
1463146
1451510
1456642
1418311
1439455
1481875
1400566
1369773
1438741
1363744
1491046
1383646
1435699
1376819
1442416
1475470
1399952
1434331
1441397
1453640
1469467
1479246
1406750
1429856
1380604
1470378
1381565
1446837
1454434
1381835
1481163
1429710
1477665
1610605
1415936
1539176
1449343
1438042
1456401
1396609
1474888
1449135
1480256
1441369
1391755
1479637
1407454
1480323
1416693
1461456
1479048
1429189
1405171
1439343
1461418
1452905
1455795
1433078
1434817
1443635
1491873
1497994
1463831
1499593
1453371
1492311
1396391
1585547
1439715
1522846
1578186
1407695
1442354
1389232
1409910
1478056
1359316
1437734
1421960
1383641
1469814
1463845
1373160
1437688
1436317
1508270
1478489
1416760
1354006
1415800
1474345
1464984
1464643
1387959
1376247
1512721
1469589
1351486
1487407
1373850
1522493
1407521
1455103
1460611
1440320
1467221
1431594
1435880
1382897
1428597
1474854
1431281
1419597
1393136
1407258
1444334
1379851
1458656
1424293
1365117
1475006
1408958
1385977
1456882
1438052
1514359
1389628
1449077
1428770
1436342
1505547
1380740
1483902
1439918
1456790
1481125
1423413
1396805
1384662
1428883
1497967
1529144
1454065
1423440
1441692
1494784
1459538
1384321
1399601
1375378
1487084
1433371
1388466
1428926
1415562
1482016
1425851
1421431
1413851
1383499
1496150
1442296
1376888
1394156
1466494
1489297
1506591
1393091
1365520
1477562
1484526
1488384
1458207
1400385
1418266
1473160
1486315
1457830
1430552
1383298
1480231
1496248
1409256
1436819
1378774
1487766
1387619
1347789
1379582
1452322
1466825
1398982
1418207
1682440
1446973
1514568
1446972
1402708
1362666
1358981
1457193
1370890
1362551
1443464
1380663
1465776
1421343
1389566
1403044
1418800
1438400
1481103
1410341
1381151
1362839
1445241
1368670
1419456
1375539
1490432
1500207
1405462
1407078
1498688
1454752
1515166
1405605
1336213
1443574
1468301
1458712
1392429
1390755
1394775
1440898
1463981
1446048
1425603
1378202
1371211
1462856
1398506
1434835
1447892
1450347
1461014
1413665
1359119
1455837
1401528
1479995
1430349
1457180
1428349
1442667
1454938
1440999
1434824
1440395
1367101
1459246
1392510
1446222
2065113
1682257
1638114
1511522
1409088
1432570
1487528
1612412
1535926
1479998
1505967
1416728
1542664
1427061
1475585
1423786
1481482
1527772
1497360
1493155
1489996
1483458
1527354
1447458
1400107
1484380
1436486
1519847
1464076
1450015
1412781
1428164
1534648
1458548
1425518
1458839
1395354
1525528
1483776
1464435
1492753
1392667
1520706
1413430
1513858
1481802
1427091
1527843
1415685
1415192
1450741
1487761
1519418
1481970
1401628
1436826
1792023
1524738
1493704
1428249
1420191
1416685
1522230
1475800
1466394
1472240
1390821
1517822
1513513
1397220
1397627
1450086
1513269
1457734
1472606
1466429
1492384
1530810
1473250
1480827
1486061
1468675
1525850
1501016
1396910
1503452
1439670
1525803
1515787
1415834
1462734
1431802
1530271
1419472
1485189
1396326
1450513
1533296
1446531
1426275
1451828
1454218
1529913
1437144
1494206
1495589
1442286
1526179
1479003
1492484
1420917
1454775
1524209
1474046
1430650
1435140
1479522
1523909
1490560
1416340
1496445
1398394
1522074
1515802
1440330
1402385
1469068
1532203
1514157
1447335
1428012
1404885
1525292
1497277
1398985
1386814
1502489
1528108
1435799
1426180
1422213
1441623
1540752
1499839
1397123
1491825
1446260
1528301
1468730
1422132
1468624
1453888
1530482
1446696
1432579
1399949
1417690
1535350
1452217
1442204
1469674
1431369
1533626
1521723
1465786
1401708
1468294
1526514
1492827
1403452
1411729
1478191
1545468
1539201
1414653
1428049
1491840
1536217
1438149
1418319
1508942
1395897
1532200
1465131
1437049
1494496
1411951
1537903
1496674
1425548
1442236
1453016
1532373
1474059
1483744
1422501
1496926
1539963
1435030
1405126
1415670
1438805
1540261
1444883
1418680
1393923
1477783
1537209
1517997
1493128
1505246
1417334
1542602
1526703
1440612
1495671
1463237
1533801
1508291
1473801
1466494
1395987
1541947
1422659
1440465
1498809
1456346
1541033
1447180
1404013
1453530
1450610
1545824
1518286
1489169
1471797
1498738
1546067
1453094
1447739
1481399
1461833
1546413
1424047
1442226
1426007
1448741
1554867
1524593
1403941
1465517
1413849
1553241
1516977
1415818
1455579
1439488
1545501
1448892
1510425
1476508
1393031
1573227
1446391
1506368
1472220
1475054
1541091
1500036
1478880
1440545
1428480
1543105
1484866
1434611
1468028
1403121
1554399
1459112
1454742
1482158
1500076
1538762
1418306
1469601
1393301
1503094
1546931
1522418
1512953
1405625
1457393
1552953
1474468
1466031
1508501
1425182
1556887
1417302
1469050
1429142
1504692
1554482
1516046
1406387
1474064
1507917
1553554
1462991
1443509
1511625
1418474
1540632
1424287
1476297
1442554
1497168
1547892
1436092
1452746
1433752
1423523
1542762
1522738
1514953
1451686
1434133
1559531
1431369
1400543
1429629
1489896
1565479
1477728
1475854
1453374
1418622
1560217
1502449
1510553
1488492
1416991
1561641
1457331
1479407
1439778
1421181
1561407
1453770
1426458
1483699
1454633
1558834
1451141
1457799
1417331
1453984
1549542
1524397
1426954
1426192
1435599
1554122
1524952
1500485
1457238
1418582
1557653
1436222
1449505
1487277
1472596
1547505
1453312
1466494
1469131
1479366
1551163
1511756
1485004
1482067
1457752
1544210
1476117
1494165
1413290
1473859
1563893
1479941
1403277
1477459
1442976
1555313
1492947
1473553
1423446
1455208
1557846
1495795
1508058
1465557
1396549
1554368
1458173
1424896
1471889
1402620
1559245
1520849
1399486
1485009
1441929
1634956
1498897
1488204
1442783
1433399
1579686
1446937
1404773
1432461
1402968
1572082
1462303
1481278
1405910
1499029
1578065
1466489
1474483
1403808
1409401
1580461
1493368
1478913
1473931
1463347
1580443
1451057
1429587
1420579
1499370
1581037
1498059
1486493
1479599
1477219
1579298
1431254
1488131
1426899
1439095
1579992
1517176
1426006
1433508
1484416
1574099
1531473
1404111
1491016
1462167
1581681
1457353
1407136
1499167
1458291
1573477
1505532
1454149
1474736
1454286
1598448
1439029
1435401
1483185
1423015
1587517
1484351
1510259
1423910
1405680
1590136
1453349
1453745
1418890
1476017
1582233
1441866
1485831
1422556
1492321
1591361
1481204
1491005
1438035
1455039
1585066
1467942
1506306
1493594
1462490
1581641
1445479
1421604
1429001
1414425
1576023
1475678
1475410
1413282
1424538
1593919
1487500
1494629
1434118
1409095
1585948
1522628
1458573
1463610
1506451
1593642
1437786
1436646
1483268
1486837
1585260
1430099
1439184
1499149
1495563
1593267
1435980
1427808
1425844
1478421
1584646
1461407
1514329
1428279
1444437
1600898
1485360
1461589
1507072
1438646
1600946
1511805
1445438
1473926
1497526
1605153
1465545
1509866
1427688
1514798
9195477
2208540
2151386
2260742
2219900
2073554
1491818
1445636
1445934
1519969
1564417
1405104
1437816
1484706
1472691
1553003
1515557
1452146
1472180
1452582
1545340
1456048
1403700
1404738
1481116
1572425
1458285
1413523
1441968
1432635
1553377
1425471
1464720
1396637
1507860
1538858
1510202
1513537
1487510
1427397
1549299
1452410
1511650
1503592
1495107
1569566
1401290
1502665
1457819
1444294
1579947
1487372
1457151
1494993
1518732
1582788
1437308
1454536
1467722
1506802
1578529
1451384
1420878
1486420
1457411
1579260
1437889
1507679
1488134
1470955
1574204
1509698
1440906
1456233
1468925
1569987
1523836
1514747
1501974
1517537
1580776
1519416
1515161
1510205
1490530
1592844
1518680
1457970
1472293
1516058
1575758
1525490
1511325
1443043
1512139
1580093
1444889
1478966
1415492
1433867
1581624
1470874
1469674
1430860
1501628
1577368
1496192
1525062
1518025
1411649
1580526
1473892
1416107
1515430
1529757
1589096
1491797
1414623
1472859
1486796
1573761
1421599
1443835
1461801
1525585
1588843
1472277
1433526
1533692
1419098
1586883
1432818
1502201
1457953
1507932
1592646
1474961
1438333
1525758
1505169
1575577
1434308
1435977
1437526
1451625
1585986
1484763
1431647
1419657
1510941
1592296
1488570
1497277
1429277
1479178
1586607
1491953
1475851
1420559
1433238
1594117
1501763
1531186
1451705
1508185
1596252
1526111
1494002
1497635
1479925
1580800
1534934
1461738
1445223
1460794
1592914
1537558
1476673
1468076
1470962
1595952
1494940
1478479
1459115
1465963
1593992
1441770
1449125
1426849
1484430
1593133
1481612
1420752
1426079
1435731
1595961
1485939
1480474
1531142
1503594
1591922
1515715
1461215
1509164
1430692
1601061
1549146
1499345
1432309
1471616
1594390
1460385
1526447
1485077
1503035
1590827
1456975
1438125
1508551
1515810
1597147
1460841
1465893
1485280
1525672
1601619
1483929
1484891
1416740
1528843
1592343
1475014
