1839874
1434246
1374641
1469852
1493293
1458566
1350431
1401936
1382321
1404257
1401470
1384519
1334248
1345773
1413909
1303688
1390884
1331775
1330177
1752734
1353214
1404738
1360178
1358788
1326310
1389217
1314401
1396106
1329052
1343773
1311820
1411383
1359980
1336334
1387751
1377071
1342074
1343555
1310571
1325779
1343838
1354034
1342678
1291250
1368555
1329217
1288441
1372097
1276729
1287391
1271986
1283088
1324989
1296424
1340433
1303125
1267032
1362273
1654757
1361142
1369351
1373662
1373992
1287895
1327939
1326568
1293420
1318194
1279388
1374601
1334352
1340365
1285101
1301192
1332492
1353718
1314336
1295703
1290986
1350609
1279481
1283332
1289536
1286767
1343111
1264876
1279686
1316277
1301606
1348448
1327478
1309847
1379748
1328192
1347519
1363501
1705598
1419760
1356111
1344219
1348869
1305986
1337007
1337609
1332339
1338564
1366565
1379959
1332124
1405547
1289927
1337340
1403586
1339315
1419254
1399663
1366056
1359482
1331464
1327984
1329645
1309186
1304303
1333861
1410277
1380221
1317844
1386320
1333672
1404472
1349466
1349636
1341299
1334053
1745159
1322604
1309943
1387070
1373819
1327377
1356094
1382569
1361869
1338090
1363443
1405625
1378312
1353149
1320633
1407938
1316972
1388114
1404207
1341009
1345033
1297973
1300150
1387503
1336706
1373812
1407835
1370757
1347587
1354310
1366750
1309129
1347088
1336326
1339523
1331004
1395446
1365187
1390673
1717272
1425939
1401944
1322580
1380384
1351528
1394590
1331189
1380562
1395494
1344181
1325027
1361919
1393823
1392417
1341312
1372664
1334629
1418782
1315268
1371918
1390470
1347590
1386366
1404755
1342760
1316789
1313752
1320597
1349200
1344753
1327909
1322013
1402703
1409554
1342352
1419319
1384010
1663690
1435328
1382554
1340110
1361666
1394687
1369198
1342274
1363208
1326671
1371424
1406442
1355367
1310822
1357374
1402024
1402630
1347123
1397181
1404387
1372266
1392472
1344455
1408569
1399315
1313265
1367778
1363460
1329568
1342324
1372481
1362493
1345888
1353039
1385396
1385919
1311293
1364533
1667540
1426072
1349541
1398942
1366650
1373055
1410398
1353019
1339969
1347236
1359479
1385246
1382566
1382041
1348499
1415487
1305142
1407792
1338450
1361308
1350090
1390314
1309314
1370090
1356399
1387937
1338268
1349571
1303350
1356241
1397173
1363656
1406219
1341874
1355906
1390836
1375606
1315167
1352816
1730776
1418001
1340308
1393222
1375152
1346302
1352227
1363864
1307951
1352327
1357930
1415452
1392422
1342251
1381690
1370074
1389718
1403650
1386932
1406377
1366683
1388568
1400691
1406422
1363836
1363210
1339739
1309910
1322484
1362832
1361403
1437179
1376157
1380219
1400318
1363305
1352926
1399771
1745026
1340538
1380444
1358028
1406128
1397148
1341718
1350217
1321694
1413137
1306765
1330034
1364240
1383286
1371782
1331249
1375508
1362376
1351175
1326548
1334762
1320048
1359675
1377405
1348278
1354911
1356011
1356752
1413304
1324213
1308760
1382487
1363198
1346592
1389836
1399781
1381865
1368855
1330179
1677754
1358880
1309906
1391147
1335116
1360195
1342660
1318077
1371101
1374977
1357402
1429013
1353428
1363268
1366087
1356612
1417377
1385511
1374521
1377344
1384484
1308778
1409040
1374576
1439888
1322935
1388017
1335020
1373669
1479509
1337258
1389816
1342498
1378109
1319387
1340723
1377926
1413032
1726681
1428004
1423310
1310967
1367495
1383006
1428299
1423191
1428209
1380329
1360587
1418502
1302766
1386821
1329555
1369369
1375308
1414688
1374380
1330740
1374027
1326526
1380064
1352047
1376989
1367843
1372180
1317403
1380627
1396918
1330360
1425859
1329508
1334371
1336256
1372358
1386847
1389478
1344718
1682806
1418249
1424969
1398305
1362556
1363468
1375160
1324113
1369582
1311266
1409306
1354318
1359674
1359837
1385652
1400666
1373554
1364588
1430344
1295329
1388669
1374684
1367347
1333933
1386251
1369672
1350954
1329174
1349794
1349105
1293232
1332926
1369795
1316511
1319522
1369858
1334903
1380855
1402149
1661053
1320568
1360629
1344156
1362509
1308567
1321088
1337200
1352057
1397536
1386029
1310602
1338546
1304796
1319517
1340794
1409561
1352128
1354691
1304546
1294284
1331209
1344407
1316232
1418930
1388273
1393309
1345168
1387616
1342876
1342327
1412495
1384815
1326536
1410498
1325567
1362704
1390994
1730751
1469298
1383619
1336609
1407071
1419474
1417041
1386115
1405973
1369356
1375205
1390427
1356743
1414285
1370612
1320577
1347559
1358790
1356202
1389293
1421764
1393485
1326505
1344001
1376420
1311371
1328485
1384997
1329333
1355803
1409268
1349253
1372025
1308058
1391998
1423203
1362140
1384607
1428713
1774839
1410962
1348666
1443853
1416329
1404861
1406615
1386283
1373191
1419724
1402788
1395106
1389174
1331259
1379096
1395211
1407150
1364613
1411363
1431131
1414400
1453805
1398215
1422711
1439936
1418274
1356979
1353132
1438363
1406444
1386351
1392499
1402109
1404557
1336048
1421318
1421061
1422248
1425295
1746094
1450964
1405727
1438591
1334687
1436205
1428538
1444636
1346544
1404056
1376914
1404342
1397188
1348887
1398722
1363551
1420529
1441647
1364967
1330989
1375230
1409201
1360920
1342831
1391876
1418747
1430925
1434218
1393141
1340903
1364214
1417402
1476064
1365700
1374649
1323511
1434832
1385759
1441843
1680074
1437861
1430066
1394480
1428262
1448661
1434263
1392387
1415452
1429828
1358311
1370304
1428956
1379403
1619947
1376889
1347482
1382114
1417802
1304528
1385195
1358554
1379986
1411388
1406775
1365458
1349378
1371907
1347860
1387020
1410619
1330728
1365267
1384759
1353089
1320149
1321394
1360586
1692150
1437442
1338115
1326791
1403435
1360138
1318360
1305838
1367984
1376238
1329525
1377766
1399614
1360864
1364054
1419088
1331370
1323343
1355465
1379733
1315316
1399751
1364706
1385448
1361316
1346178
1329959
1320429
1332389
1378099
1373509
1909543
1921308
1630336
1443033
1327478
1319221
1353160
1344003
1737145
1407953
1396343
1448303
1376763
1423829
1441465
1441825
1406702
1347656
1413265
1382294
1377082
1360880
1443833
1417341
1380780
1403397
1434301
1361714
1406179
1367132
1352967
1395328
1376600
1396547
1350558
1392457
1442670
1432066
1409746
1458737
1404196
1429643
1388292
1419098
1432679
1408769
1378928
1688945
1660346
1394973
1429198
1357246
1413716
1419053
1429674
1464929
1431820
1351818
1420878
1412991
1350160
1370006
1352502
1392936
1440462
1379708
1454013
1344039
1412596
1386355
1334755
1377971
1428091
1411471
1367720
1377305
1354487
1429585
1419304
1470681
1355377
1410987
1380098
1419304
1352620
1702678
1478261
1391563
1429154
1351658
1344637
1444714
1370927
1406780
1347442
1392695
1352508
1424376
1427700
1420381
1399446
1434596
1397351
1412019
1433213
1337015
1332808
1431875
1414209
1436313
1352413
1354979
1439172
1425784
1388135
1390735
1429627
1356895
1423744
1429089
1434924
1488881
1406414
1864327
1459271
1422820
1355530
1401907
1438102
1372231
1366605
1411549
1370499
1427039
1372482
1396356
1348491
1430845
1424323
1421589
1343327
1447854
1360148
1424148
1386955
1450009
1335454
1404124
1422075
1356108
1379919
1330648
1441985
1426452
1384046
1410020
1341565
1362275
1429650
1448356
1437898
1435233
1413833
1822609
1472323
1381417
1430708
1360604
1422687
1379945
1424077
1407679
1417817
1432878
1366067
1400463
1338564
1323624
1434656
1355740
1391738
1433512
1352087
1445513
1357742
1387576
1360141
1380285
1421354
1387322
1387020
1428182
1351951
1429637
1396772
1354003
1407685
1389813
1424543
1363007
1415600
1731307
1480098
1455968
1427841
1448431
1393985
1446824
1438826
1444156
1387187
1355690
1384765
1424255
1385501
1417028
1365793
1425889
1429301
1349120
1418153
1427149
1414666
1425322
1386711
1368357
1411764
1424282
1431948
1416996
1369439
1396497
1423135
1443802
1391658
1369707
1426784
1375246
1432722
1729082
1414034
1391793
1409854
1451051
1385278
1444110
1425601
1350792
1439433
1429309
1386824
1394471
1347188
1433411
1360118
1372052
1455131
1426773
1440264
1391587
1454389
1425914
1389358
1437290
1379159
1369028
1354680
1368462
8019982
3315692
3166016
1441412
1367680
1502096
1405076
1444737
1407033
1369339
1433364
1391207
1465211
1426655
1391294
1431570
1384040
1372088
1436293
1390127
1425796
1380592
1335060
1345840
1384028
1420986
1452805
1383915
1450248
1367585
1432063
1359990
1336554
1352352
1376526
1447414
1427673
1450888
1438179
1427623
1428234
1403633
1354089
1375967
1395845
1433203
1450400
1449766
1418963
1441645
1434120
1396020
1412401
1416617
1403525
1428133
1339483
1319154
1385596
1323955
1523227
1464332
1412719
1372278
1408110
1448398
1393552
1399979
1377974
1384687
1420160
1424531
1432750
1426666
1356742
1406530
1365743
1398870
1343608
1358747
1413633
1419985
1362429
1369176
1418189
1403610
1395270
1366307
1345041
1368339
1418643
1409689
1341801
1340117
1354044
1406013
1414726
1338877
1364198
1392557
1420882
1336944
1399814
1360617
1414538
1409544
1435331
1327493
1412376
1320742
1416229
1348759
1375082
1359838
1420412
1410994
1349233
1394061
1417723
1339791
1410353
1376528
1430635
1368798
1390931
1496233
1496132
1386298
1472032
1520794
1499946
1483629
1407276
1460526
1456484
1500665
1382231
1316658
1440219
1423521
1451325
1423183
1342943
1356540
1439843
1442507
1375543
1417269
1350043
1387413
1446120
1427097
1390299
1407972
1399174
1448959
1418938
1457714
1444499
1417364
1449017
1375172
1351711
1422193
1400518
1430018
1412779
1403340
1372824
1343447
1446463
1447794
1412318
1368465
1376284
1410624
1370156
1416650
1355610
1392104
1446523
1394449
1427044
1465460
1375603
1442477
1397709
1376586
1436469
1376285
1466096
1459027
1460067
1418334
1363513
1456722
1430958
1476855
1438040
1419414
1463517
1450235
1429151
1458904
1387862
1559533
1457208
1476760
1385147
1410731
1442166
1477099
1425066
1382484
1383449
1466625
1416780
1383620
1392412
1491617
1499344
1403342
1455061
1359962
1429786
1471092
1419672
1453191
1431481
1401576
1455873
1375794
1440046
1405863
1445418
1465935
1425879
1372411
1405612
1415435
1454667
1420862
1471318
1463778
1399408
1473110
1386829
1446093
1441587
1431031
1463415
1375312
1450302
1432101
1443086
1446619
1383281
1459764
1428439
1490810
1462735
1436703
1459716
1427076
1372864
1471228
1441514
1709943
1474227
1399381
1499969
1384163
1440021
1436002
1417740
1488706
1389042
1440484
1447312
1370141
1488267
1399182
1390760
1405532
1447767
1467802
1484190
1401435
1360265
1452492
1484904
1384739
1379567
1370700
1439713
1445664
1379405
1377355
1465430
1458669
1483185
1439778
1468479
1366115
1414420
1469820
1398579
1474535
1397501
1463216
1480045
1418921
1372133
1387764
1467313
1493968
1402042
1452798
1395581
1416738
1492517
1473696
1383918
1458170
1386328
1487435
1475194
1452161
1384426
1437681
1475382
1431684
1455687
1555155
1419649
1500861
1460699
1445889
1421198
1423949
1454191
1406076
1399210
1395356
1386822
1524229
1460130
1417988
1446616
1435851
1506148
1466735
1391239
1396657
1413007
1507000
1409226
1436242
1475435
1430474
1489505
1424077
1446874
1422609
1423771
1445339
1366858
1392946
1387025
1384143
1474012
1424852
1493103
1431675
1400799
1481797
1464269
1458791
1404079
1437961
1506715
1387536
1404577
1418694
1403455
1469281
1414941
1411423
1373932
1438157
1513735
1385258
1451829
1463518
1447167
1497438
1444308
1425623
1437252
1386571
1497889
1390423
1464628
1465891
1403445
1502376
1400856
1482496
1568371
1449826
1555717
1464397
1439127
1471025
1435148
1481677
1442981
1479990
1454406
1365240
1515078
1410038
1493378
1405632
1478282
1496684
1456096
1398308
1445346
1450522
1465402
1445855
1450046
1469752
1439199
1482276
1497821
1497376
1472077
1468714
1471358
1424726
1451259
1434253
1484065
1535959
1397398
1453389
1410185
1407703
1485307
1361967
1423288
1399761
1353537
1452194
1436919
1355575
1426049
1408431
1465123
1453462
1403267
1349747
1411475
1515858
1473089
1488643
1406063
1390776
1517296
1445625
1398945
1479256
1379091
1474751
1429750
1440768
1485901
1438678
1490876
1460017
1466755
1413947
1462385
1504880
1479001
1455622
1427745
1434800
1499919
1421250
1478745
1418820
1378137
1484909
1442728
1425222
1465910
1461603
1481559
1397704
1405435
1426081
1428841
1481549
1385128
1441460
1409611
1450026
1493887
1410125
1370479
1389284
1410997
1492963
1496210
1431660
1398829
1427197
1498110
1448601
1362553
1393064
1371258
1497615
1446436
1390575
1443399
1428196
1492915
1411511
1424731
1416221
1391062
1494779
1449533
1370662
1398364
1456800
1494170
1494426
1402468
1366976
1492354
1499522
1487397
1465008
1393880
1421624
1501240
1507326
1448062
1426432
1373609
1505509
1490943
1439257
1420186
1386962
1502747
1417151
1381758
1549732
1496877
1514870
1432439
1438438
1484094
1414287
1508827
1433078
1400964
1364813
1382903
1490718
1388601
1390517
1438831
1415914
1487688
1431301
1410192
1419712
1432196
1466426
1493660
1411095
1398167
1363167
1481745
1365932
1434351
1352357
1475189
1463911
1373301
1374052
1471509
1442422
1477422
1431825
1357409
1463695
1450663
1472390
1366630
1401135
1396306
1447505
1473039
1464573
1436453
1392547
1378556
1456086
1410090
1443286
1455133
1455685
1446231
1430657
1360739
1771577
1456175
1511681
1453647
1457579
1435032
1460440
1478279
1455667
1452901
1440833
1391280
1493639
1379089
1449165
1470251
1514813
2375104
1650115
1426701
1435937
1466126
1588479
1498929
1475292
1498056
1417494
1532662
1427347
1460020
1417901
1485859
1512505
1492344
1481328
1494022
1484842
1516058
1398666
1369389
1451582
1399738
1469196
1420163
1424050
1375060
1404705
1491035
1426591
1396609
1432519
1370840
1483884
1450791
1440539
1459423
1377496
1473245
1394660
1468419
1622369
1419391
1514590
1390324
1384436
1438835
1502297
1521859
1477996
1392337
1432930
1753648
1493281
1456093
1380690
1405221
1403179
1487453
1459315
1438297
1465660
1390390
1515399
1513573
1413370
1414312
1450290
1516369
1466354
1469245
1449651
1473864
1484453
1455302
1454940
1474130
1443058
1482511
1475362
1385183
1463843
1412962
1480566
1495163
1386871
1438486
1409609
1478968
1409238
1457897
1362960
1426558
1501843
1416886
1396795
1424335
1436957
1487342
1414435
1476445
1461200
1414786
1497396
1451861
1462693
1384361
1430848
1484030
1450222
1402785
1398015
1455966
1476422
1454868
1384646
1472864
1362295
1487378
1487004
1414723
1373251
1437538
1480126
1480752
1433651
1402468
1383143
1488820
1477557
1373190
1369051
1462352
1479479
1399954
1404189
1389942
1382535
1486155
1468367
1372160
1465933
1424075
1483483
1439470
1396985
1445932
1422656
1485034
1411069
1406900
1371467
1407094
1505709
1414818
1406356
1429840
1401257
1509851
1499084
1439595
1380021
1445646
1489883
1471847
1373854
1395146
1449112
1490690
1512821
1380305
1404918
1449586
1500778
1414217
1385176
1470504
1380079
1481448
1428495
1411623
1462019
1384241
1491141
1472431
1398208
1437361
1429918
1493975
1441092
1464831
1391889
1480667
1499535
1415508
1380898
1381058
1421706
1493872
1415941
1389675
1370141
1444965
1494123
1484914
1477375
1478434
1389096
1498300
1489422
1418272
1460656
1441535
1490146
1471856
1446152
1494111
1382279
1528539
1402269
1415445
1471862
1431582
1500337
1412458
1380264
1424606
1428856
1501878
1477645
1432531
1441903
1459182
1499974
1418020
1416009
1459330
1431985
1496333
1399276
1404483
1409233
1451761
1533829
1534501
1411832
1480672
1439761
1536715
1499696
1457409
1469376
1446105
1555702
1463971
1486327
1477948
1401127
1563870
1434719
1507529
1492539
1483727
1551352
1490139
1482797
1456704
1432629
1550379
1484689
1410559
1451881
1379675
1508804
1420226
1464016
1492938
1495100
1531166
1430838
1455346
1402409
1481468
1539297
1513022
1500998
1426748
1449740
1549748
1441138
1486303
1488672
1429347
1533839
1433992
1472383
1421674
1526266
1551171
1494667
1413275
1481351
1508965
1552945
1462972
1449114
1505544
1414019
1551322
1424463
1457461
1430663
1484193
1562372
1412295
1455033
1436357
1432822
1532889
1477570
1515364
1458290
1439680
1534180
1425468
1376819
1441595
1493361
1549858
1463638
1460902
1423796
1413365
1556064
1527159
1493324
1496175
1427452
1553950
1456960
1478299
1435982
1420216
1554346
1444218
1446168
1444965
1451182
1539948
1458326
1491093
1382584
1474813
1552667
1520561
1416901
1404550
1424553
1552173
1539153
1514700
1451946
1403750
1560671
1446769
1463979
1476387
1491780
1557591
1465688
1486475
1479853
1475884
1552304
1487879
1516181
1489004
1465262
1561981
1445205
1522461
1415881
1482524
1548413
1511763
1395003
1476761
1441938
1565358
1498669
1486974
1437445
1479843
1547125
1515840
1520020
1479427
1419429
1561517
1477863
1445499
1482238
1379803
1564750
1499397
1409860
1508924
1438462
1562166
1507043
1514866
1471822
1440670
1556990
1452903
1420421
1427229
1389445
1547675
1452703
1502126
1428098
1485107
1554864
1460461
1469827
1421589
1421977
1550965
1496090
1495985
1488811
1479318
1567741
1468822
1448015
1433839
1475239
1580406
1491221
1474961
1498671
1490795
1573846
1428339
1504379
1445110
1434939
1556544
1524322
1433493
1437017
1507568
1551459
1544801
1404194
1495681
1475280
1558676
1484150
1422629
1520230
1465745
1578481
1539444
1468757
1479033
1471240
1586868
1486788
1446311
1480506
1424847
1593005
1525442
1526301
1444354
1441635
1583558
1436768
1488322
1426972
1505308
1569250
1461322
1514650
1407552
1483716
1569320
1505168
1509837
1463714
1481005
1589825
1492061
1522799
1512919
1476455
1590141
1457363
1453610
1458687
1443694
1584242
1521380
1478916
1446661
1435698
1603213
1506429
1474137
1454608
1427179
1584988
1542148
1462633
1479479
1510871
1573672
1456211
1447508
1499209
1497120
1563282
1447782
1446423
1517346
1507085
1582721
1457484
1446752
1466830
1501845
1559553
1485628
1531110
1407036
1440412
1561357
1526181
1471505
1482033
1443838
1598693
1528490
1448661
1471812
1506036
1555233
1455875
1518404
1416468
9547873
2140766
1406314
1364746
1454035
1429121
1544471
1457474
1406105
1401430
1488477
1536196
1429377
1481369
1524733
1488398
1577158
1524079
1466216
1447952
1410273
1572643
1491767
1404302
1383561
1448806
1539562
1436305
1423243
1437476
1456509
1585728
1434952
1504201
1418612
1485381
1552605
1486378
1526354
1495932
1436325
1588517
1455579
1517652
1508005
1493477
1596027
1431743
1524693
1454172
1444536
1589501
1489297
1451398
1492920
1497736
1548781
1414563
1429334
1448899
1490031
1589166
1460431
1435193
1487781
1439884
1585099
1445158
1532967
1501868
1449097
1548833
1521824
1444829
1477876
1468705
1606010
1535385
1510690
1522335
1519471
1586201
1538224
1533553
1500390
1491374
1583175
1500550
1466707
1462563
1527970
1585575
1528943
1512605
1454299
1491369
1602567
1458862
1488194
1414994
1423243
1595997
1486077
1484784
1431246
1525284
1604980
1507644
1527197
1524094
1421137
1602624
1472618
1425924
1536159
1520554
1565429
1471095
1407175
1458950
1468522
1551279
1410529
1430966
1442454
1495418
1563098
1444532
1439332
1558904
1428440
1616333
1441565
1507155
1463909
1518729
1597317
1483772
1463104
1533079
1502459
1562126
1441091
1441146
1446882
1456802
1601617
1494263
1447739
1453585
1525039
1569470
1485621
1461054
1457276
1484841
1583824
1520724
1484754
1402628
1442555
1602078
1520578
1534541
1450658
1543912
1593628
1498688
1506584
1509052
1485436
1606069
1548916
1472994
1462273
1460551
1615246
1524152
1470178
1478695
1477743
1594897
1520511
1468304
1470522
1484195
1607833
1439402
1458311
1425856
1458567
1597525
1495940
1429116
1434744
1428890
1613947
1508842
1492308
1544030
1532363
1572773
1527259
1459501
1516166
1437393
1604934
1531341
1496286
1437939
1498729
1605183
1443895
1543401
1480188
1503755
1601130
1465342
1454632
1520501
1493316
1598686
1457025
1465297
1485377
1521230
1622046
1512505
1504504
1435719
1547089
1599562
1498923
