1833830
1418384
1400408
1402933
1400789
1360819
1342986
1338138
1322426
1391522
1370236
1368221
1331211
1319044
1420414
1288416
1399937
1331221
1292430
1730761
1347462
1391999
1357818
1339420
1305911
1344322
1261594
1339523
1274940
1305500
1262006
1350521
1310238
1274785
1334757
1341075
1300040
1321154
1279847
1321938
1343384
1356231
1328388
1297382
1370477
1329685
1280500
1359704
1274512
1288887
1269593
1279694
1312336
1274056
1331206
1290458
1258620
1350082
1642305
1359000
1365828
1357228
1361990
1266222
1323028
1321505
1286842
1311334
1273860
1367941
1334597
1333229
1297439
1284758
1325944
1356310
1302681
1296584
1278335
1364124
1278917
1272767
1295720
1273336
1337499
1263577
1275396
1312050
1268651
1316455
1286807
1287922
1344832
1274411
1310150
1332535
1657310
1379560
1308755
1306500
1312188
1271239
1300238
1265821
1299827
1300315
1353899
1344279
1281388
1370567
1261384
1304733
1373012
1270735
1378072
1360122
1314443
1323970
1273066
1300085
1287190
1285775
1272672
1277177
1384920
1340115
1290132
1357983
1276757
1352753
1312534
1301000
1310023
1270610
1691398
1278639
1274349
1363480
1295895
1286339
1301360
1334101
1331610
1271264
1317415
1368167
1337082
1317951
1262313
1371945
1278693
1352611
1349175
1286456
1302787
1269041
1253080
1354249
1272404
1345121
1375751
1350964
1322574
1295407
1322948
1273003
1304706
1289777
1290361
1280815
1362796
1320502
1363906
1636747
1394445
1355738
1295079
1336541
1295291
1349439
1295422
1329986
1366949
1278240
1296813
1314007
1355330
1354329
1281447
1328059
1305804
1398544
1285417
1307595
1352624
1295985
1358619
1359220
1265764
1262038
1277040
1280876
1310785
1289057
1289042
1285584
1356765
1371905
1271805
1385083
1351180
1659029
1414876
1313922
1309624
1359427
1348696
1330255
1275248
1329548
1279220
1329864
1382363
1293640
1291257
1355204
1397977
1393842
1340523
1394585
1416021
1369602
1396634
1334607
1414811
1393630
1306844
1375598
1336464
1321111
1326348
1363849
1362210
1331811
1352911
1380773
1392587
1309888
1351579
1679694
1430720
1340350
1406858
1371592
1380282
1404462
1346241
1337245
1344218
1357682
1385989
1383496
1379166
1340432
1417334
1309302
1402455
1323303
1343856
1353172
1367713
1295648
1358238
1332707
1395780
1341780
1332444
1312258
1352475
1396652
1356818
1410042
1335990
1339952
1379748
1383008
1313574
1350942
1709424
1441088
1346003
1392811
1380609
1357344
1358454
1335764
1271985
1346416
1309269
1411256
1374336
1333083
1352934
1355951
1379933
1401375
1364337
1406018
1348429
1392893
1402903
1402242
1364704
1355647
1339320
1311970
1319404
1352495
1345244
1431649
1365603
1373702
1390851
1348614
1351441
1391946
1730452
1341149
1367277
1362035
1401776
1395978
1344925
1351187
1324942
1419474
1298040
1333228
1362325
1387293
1372268
1329097
1370219
1356718
1346011
1323527
1328773
1314957
1353335
1382081
1349108
1350866
1351342
1343800
1411726
1320677
1308968
1375611
1358442
1336842
1381482
1390876
1371817
1354094
1329370
1658357
1363813
1306543
1379332
1330981
1362546
1331365
1310596
1350934
1359065
1348043
1431830
1336150
1354215
1360972
1374934
1413887
1389237
1348559
1375944
1369878
1304370
1389077
1354199
1420837
1308234
1373970
1337791
1355870
1480023
1332570
1390641
1351779
1361293
1319132
1332771
1396451
1408844
1719051
1426896
1416262
1306830
1356071
1383820
1419622
1419446
1411321
1376465
1369236
1431422
1321808
1375278
1332377
1356479
1371858
1426089
1370793
1321930
1378633
1325248
1388378
1353608
1389164
1352383
1362875
1318673
1382848
1413764
1355735
1432804
1319014
1335824
1341478
1369229
1402931
1390994
1372664
1692325
1424493
1419594
1415859
1389402
1398539
1361097
1344304
1390978
1289148
1408682
1364563
1361170
1358807
1384311
1388050
1422869
1389262
1426926
1315277
1379723
1368316
1367144
1321136
1367620
1412982
1387443
1362484
1382699
1376759
1299705
1368244
1375591
1342392
1338706
1404657
1377183
1398826
1440815
1702578
1345069
1400854
1374504
1399112
1303080
1315263
1322527
1347564
1389669
1422797
1344577
1373930
1330811
1328049
1386611
1419773
1380211
1370119
1328758
1317049
1358439
1372919
1336857
1433080
1415442
1429169
1379510
1379761
1359970
1328137
1429036
1373371
1332855
1425808
1329237
1366648
1372085
1722439
1464249
1350420
1322397
1401234
1415004
1417241
1382479
1417152
1378029
1388651
1397130
1363604
1429945
1380883
1347474
1361574
1352260
1354363
1375486
1416365
1398719
1345327
1344577
1375704
1344848
1339836
1399659
1340929
1377939
1452047
1375383
1348496
1355783
1376914
1426791
1357512
1373381
1414613
1757949
1383727
1344097
1421434
1418747
1390899
1402505
1383311
1357386
1407471
1382244
1417817
1379919
1327798
1363350
1383326
1405028
1351606
1397334
1421424
1390350
1425954
1378575
1401423
1408982
1381218
1337757
1319965
1409562
1382369
1375872
1372369
1382176
1398073
1324642
1380299
1406977
1398498
1405279
1728473
1438826
1380470
1430788
1314055
1420701
1384333
1432271
1312441
1398731
1346003
1383048
1387726
1348090
1362285
1359437
1373699
1439269
1326691
1322140
1357572
1385799
1351207
1311081
1371863
1409276
1386891
1431051
1368913
1329094
1351145
1386886
1459060
1362456
1333695
1320479
1391287
1404036
1426701
1631951
1418840
1402372
1373697
1431865
1404104
1435494
1348503
1424433
1398967
1356838
1343237
1391189
1336449
1409126
1319347
1344367
1367221
1440838
1337548
1401395
1404003
1383476
1447118
1419639
1389711
1372732
1394218
1352102
1388167
1423115
1339651
1390698
1393174
1387360
1328578
1361348
1373228
1714925
1467467
1353072
1356998
1419820
1360637
1347171
1317565
1408747
1377636
1363776
1389585
1446459
1376932
1385030
1441415
1378500
1342723
1393076
1371098
1309923
1411716
1415976
1402402
1388543
1355833
1362902
1346368
1372584
1402971
1406579
1945646
1931106
1612627
1455392
1371719
1348103
1385035
1374724
1778322
1421779
1408646
1458990
1391828
1393835
1457624
1418567
1381334
1327450
1403444
1343848
1374090
1336785
1437009
1383752
1351327
1350601
1416357
1360253
1401841
1372711
1353307
1368314
1371745
1402715
1370098
1406367
1448172
1426996
1408581
1455947
1400789
1436626
1386015
1391209
1436084
1391740
1371950
1662632
1654358
1403475
1415435
1334454
1394986
1405840
1427701
1458854
1441186
1354545
1385356
1417231
1349007
1356159
1344251
1386248
1410005
1355385
1447907
1333366
1413641
1410889
1343425
1405971
1431422
1422443
1354265
1369462
1338513
1422283
1415563
1457466
1356519
1395910
1369251
1406705
1362516
1718763
1468439
1394744
1429921
1373080
1339604
1426512
1367557
1415387
1361932
1382266
1348649
1420827
1431511
1414924
1363493
1420236
1387643
1416342
1442923
1345449
1345590
1422586
1411243
1423721
1354405
1323288
1437729
1412902
1391146
1372451
1417041
1332171
1422869
1432053
1428069
1479690
1394990
1842332
1457359
1417302
1356798
1412159
1431286
1384796
1366042
1420549
1370411
1422443
1361597
1392898
1352095
1424383
1422636
1414648
1354923
1446200
1364824
1417993
1390943
1450608
1332970
1412340
1431342
1347960
1383489
1342823
1432915
1411959
1374672
1401953
1334547
1366472
1411619
1439785
1435817
1414207
1406467
1799042
1468512
1387491
1435097
1362746
1420083
1382467
1419201
1400290
1411341
1413849
1336186
1391602
1338489
1339117
1407110
1330763
1379432
1413693
1332903
1401487
1323504
1389420
1351403
1363776
1407106
1344615
1384699
1425686
1355259
1399117
1355540
1356013
1409792
1396923
1417216
1353849
1418224
1730205
1475543
1435631
1422651
1443722
1382991
1432160
1401448
1419078
1362724
1359045
1355462
1417157
1361321
1409389
1345034
1423639
1407424
1333703
1388157
1398351
1394815
1394309
1367909
1377571
1398890
1417191
1409381
1410165
1371860
1386463
1428337
1420299
1390558
1379585
1435358
1373453
1427154
1715718
1395201
1383955
1392790
1431859
1392370
1455780
1443236
1372371
1439234
1437851
1430920
1384519
1316573
1417569
1361058
1386388
1456794
1434015
1430329
1401803
1448886
1405359
1389919
1432456
1379289
1366896
1365794
1385932
10161660
2361413
1443358
1413085
1367302
1462099
1420787
1454181
1405928
1374052
1433564
1385503
1449501
1436022
1387641
1438776
1373140
1355617
1415460
1374664
1383895
1379876
1350230
1355728
1353530
1405903
1439282
1398864
1433361
1363260
1395271
1328410
1315831
1330309
1356705
1400883
1421677
1466677
1413462
1415132
1388132
1376626
1321597
1359534
1370830
1395339
1445281
1449273
1414250
1435363
1429054
1396819
1410268
1407128
1406968
1429663
1368936
1349419
1419832
1363280
1436548
1447255
1419464
1387959
1418993
1433326
1396579
1398308
1392464
1409576
1426520
1434122
1438683
1444376
1375634
1434807
1377588
1422363
1358264
1382098
1426124
1442537
1376819
1386403
1447842
1428640
1413059
1390205
1363925
1383767
1436764
1410855
1354437
1361374
1346870
1441960
1428032
1357537
1367507
1421967
1431945
1360444
1403768
1385406
1422100
1434050
1445704
1350616
1433256
1345399
1429929
1358782
1404039
1379643
1422905
1442913
1357971
1424308
1443712
1369299
1435568
1376591
1436388
1370642
1410226
1483972
1465159
1360880
1434797
1454515
1447601
1393795
1372156
1490296
1457872
1445554
1417404
1346840
1447308
1429482
1452994
1424741
1346688
1357146
1430128
1433860
1363701
1412728
1340961
1376355
1435626
1408163
1402061
1393813
1409549
1433548
1416434
1448553
1448816
1407707
1431103
1360263
1350729
1432602
1386626
1438626
1433972
1404112
1412082
1355294
1446168
1433837
1413413
1355500
1391152
1433236
1373980
1395140
1342452
1379389
1428543
1378726
1409228
1448315
1354878
1435252
1376924
1385288
1411746
1358672
1431572
1447961
1426904
1393126
1361864
1437280
1408153
1449072
1420752
1395654
1429921
1438097
1401603
1425165
1365430
1499207
1419502
1463465
1372299
1398900
1446090
1476587
1422847
1375899
1379913
1443256
1411150
1379184
1416653
1437488
1428004
1390510
1423934
1349205
1403726
1442630
1429424
1434030
1439257
1387626
1452154
1379462
1446216
1384421
1462961
1446318
1409105
1359429
1402385
1417916
1444917
1426846
1466154
1450936
1402257
1445807
1383699
1437932
1446644
1434591
1440369
1421116
1442861
1447208
1432982
1443471
1364595
1467842
1439032
1451931
1437631
1426545
1442780
1417061
1388513
1460528
1450493
1405319
1442952
1370491
1469616
1395519
1428036
1407867
1399859
1472072
1364718
1407286
1390703
1370642
1447263
1384546
1358512
1401247
1423188
1448649
1455135
1396311
1341325
1420053
1442978
1370550
1352457
1352298
1438537
1455534
1378826
1389431
1416517
1444016
1456391
1414993
1453810
1361841
1406414
1438445
1397062
1458371
1377593
1446985
1450869
1418670
1356365
1372123
1446207
1448671
1385050
1422787
1372279
1396185
1453796
1468176
1364348
1462207
1356590
1456429
1471330
1448158
1382586
1414254
1471456
1426385
1454765
1415831
1403886
1470271
1462217
1472095
1420837
1434995
1462728
1429234
1437546
1371787
1362233
1454362
1425263
1394509
1450232
1444484
1462658
1436693
1367663
1373399
1400936
1469774
1401693
1414162
1472641
1401345
1464846
1425588
1435521
1411438
1434752
1455973
1395892
1384839
1377167
1399007
1471721
1405780
1464187
1434644
1369495
1472831
1441051
1453123
1401927
1433765
1475029
1392971
1386155
1427497
1374524
1473215
1389994
1424909
1366339
1422002
1466384
1389971
1454071
1450543
1443089
1465768
1453680
1397694
1422596
1382935
1464277
1392662
1420053
1448556
1383289
1472693
1433674
1437109
1405900
1404933
1486545
1454720
1408246
1458912
1401475
1477588
1463460
1467765
1439119
1369974
1474743
1397877
1470734
1400355
1433967
1475305
1420637
1394394
1426625
1446642
1480174
1432246
1441670
1433932
1433581
1475861
1486237
1479600
1467785
1428733
1479755
1403046
1468915
1420887
1497373
1536309
1414926
1447766
1407768
1430399
1496265
1381767
1436478
1426327
1361682
1485766
1443544
1392275
1427215
1440622
1480727
1465157
1414349
1377636
1407758
1474029
1439334
1474024
1385699
1394536
1496225
1457905
1376891
1479000
1367983
1484565
1430734
1431306
1466226
1452272
1482892
1441647
1466397
1381056
1446080
1472145
1474624
1442634
1423093
1422368
1480090
1412052
1482734
1432061
1383752
1482532
1439766
1424451
1463405
1465450
1482326
1401493
1404836
1429675
1425563
1493078
1387014
1450292
1420825
1452838
1491299
1408444
1375583
1386361
1410338
1492104
1494790
1444296
1410087
1424837
1489194
1451289
1382392
1398250
1392101
1497007
1454911
1395266
1440965
1424906
1499873
1433694
1427307
1415170
1385150
1490703
1460275
1376526
1410203
1447874
1490344
1495987
1405317
1383284
1495288
1485957
1479704
1463017
1392925
1420146
1498628
1504590
1456852
1420765
1389059
1504203
1498004
1428332
1438561
1395221
1494193
1431754
1386812
1417209
1466477
1488944
1442033
1463971
1470464
1439012
1510062
1448841
1422486
1382727
1396496
1498902
1402395
1414348
1461896
1433602
1536450
1463445
1415066
1452678
1443043
1502039
1518819
1443797
1411348
1396827
1493914
1402941
1444679
1383048
1487565
1501703
1411040
1404925
1505131
1461292
1500485
1449225
1390310
1465652
1478823
1501588
1405637
1416157
1412157
1477186
1505351
1482030
1459338
1414941
1415710
1502539
1437107
1463320
1470000
1487017
1495674
1462633
1381532
1478043
1409206
1521451
1476407
1493797
1453412
1491302
1503109
1484473
1473638
1468940
1421483
1503261
1410175
1477891
1491629
1500696
1595175
1533218
1404071
1427931
1484661
1595666
1532779
1480311
1494831
1416174
1512508
1429788
1459441
1422354
1475410
1505860
1498864
1489016
1474931
1486365
1507251
1439247
1391871
1479807
1438576
1510969
1447729
1441675
1390249
1436366
1512635
1455005
1421208
1452136
1398273
1514199
1491612
1462861
1503640
1404249
1511493
1413350
1511638
1471451
1441038
1526024
1396098
1410506
1435418
1490464
1508441
1485037
1383627
1423897
1783635
1525988
1490687
1420181
1409052
1423992
1513841
1478054
1467066
1473578
1386553
1518634
1506050
1400571
1409739
1449415
1523445
1452908
1470373
1473004
1491950
1516499
1478761
1477327
1499192
1467346
1514151
1504915
1414811
1499210
1440262
1515845
1512189
1410100
1455204
1428054
1519647
1419572
1475755
1390017
1441570
1523951
1440795
1429677
1456619
1449225
1520388
1435511
1496296
1498440
1441797
1527460
1489156
1489695
1417930
1450353
1516547
1471055
1427959
1437741
1478970
1512067
1490296
1425523
1491810
1388022
1571779
1522906
1451843
1405136
1474996
1542832
1521839
1449205
1431049
1408780
1520678
1509644
1409984
1388643
1499623
1518364
1423959
1424608
1413092
1430211
1520359
1499360
1402460
1500157
1444825
1520563
1460981
1428702
1470436
1455575
1516464
1433616
1439302
1390790
1419431
1527011
1446428
1430088
1460503
1425450
1525011
1525598
1460797
1405319
1461420
1519013
1491664
1404144
1419293
1473586
1514655
1524974
1419539
1435055
1506015
1534838
1440242
1417427
1503790
1407407
1526597
1457812
1442304
1484786
1403606
1532789
1493527
1434431
1453341
1443351
1530506
1470529
1476452
1417692
1492687
1526718
1421769
1402337
1400942
1434167
1522749
1420839
1414678
1382198
1462613
1517131
1513054
1482652
1490321
1408203
1526750
1503620
1433326
1476708
1455038
1528552
1481228
1457031
1459258
1379662
1523190
1399623
1430013
1487906
1428554
1526399
1425653
1402009
1429371
1436535
1529417
1486303
1465277
1464137
1472671
1526432
1428968
1431063
1473896
1444624
1527865
1404174
1416522
1404720
1431023
1523330
1500789
1393866
1464667
1421547
1523744
1487829
1415610
1442362
1421168
1522491
1428197
1494446
1455835
1382286
1531305
1404901
1496263
1463442
1461754
1528221
1481782
1467622
1443530
1419830
1528404
1468973
1417545
1485405
1383509
1534761
1431855
1460656
1479216
1489267
1527021
1413295
1451342
1387079
1480173
1528542
1517506
1488009
1401859
1435784
1525242
1453021
1457403
1493431
1420036
1534024
1407166
1445148
1409236
1505133
1529216
1497468
1407582
1468757
1490881
1527289
1443489
1431636
1494043
1401262
1530000
1410940
1480156
1417955
1504409
1543759
1412267
1459233
1440031
1426355
1542323
1496889
1516692
1450502
1435999
1548134
1439954
1407935
1435844
1488943
1546974
1484791
1488622
1454371
1410062
1554256
1513833
1506050
1486703
1426601
1549895
1457671
1474250
1442246
1426563
1551016
1444233
1425140
1482334
1456008
1559492
1465011
1475057
1428891
1464533
1532333
1535448
1438823
1439442
1449696
1536267
1530141
1521746
1455617
1429647
1548310
1421820
1461819
1502807
1491497
1558721
1446085
1480371
1474618
1488916
1552492
1516108
1503620
1510027
1472869
1555301
1495926
1499761
1431319
1478174
1560313
1497759
1409095
1494669
1465267
1542298
1516620
1481153
1416437
1477890
1549079
1505166
1513269
1475841
1417239
1555779
1465339
1443617
1484398
1401012
1561722
1520135
1423614
1508298
1447491
1554258
1498881
1485824
1460072
1446604
1565058
1454039
1404720
1443402
1413079
1556985
1484044
1481694
1426382
1495301
1552882
1493536
1475159
1412490
1421927
1559598
1499354
1481782
1472707
1483423
1571573
1466793
1442424
1418748
1508731
1555301
1509295
1483551
1486756
1492845
1568586
1446606
1506559
1431925
1432897
1564562
1527311
1442006
1436055
1501803
1567278
1546553
1422238
1510445
1466961
1560770
1471177
1412575
1504637
1471960
1566626
1534937
1455928
1483448
1468562
1575670
1439921
1442334
1495253
1436661
1567547
1501051
1515910
1435383
1413329
1567912
1464242
1457338
1428143
1466454
1563692
1449794
1498506
1426062
1493163
1569433
1489490
1501708
1439670
1463921
1565402
1493529
1498435
1503597
1475477
1566148
1456504
1426332
1438372
1439066
1565687
1494766
1481832
1436683
1432730
1575474
1495518
1505341
1456978
1427151
1572483
1526237
1465204
1469130
1528833
1576424
1440781
1452498
1494987
1496819
1569906
1444632
1440262
1503179
1515015
1571806
1456128
1439297
1431858
1484571
1572325
1473398
1506995
1426392
1435150
1582471
1486670
1459190
1493521
1436305
1577852
1513532
1432644
1470325
1491286
1579591
1462440
1501876
1424421
9443726
2070591
1448580
1422827
1493166
1481421
1598630
1490951
1438724
1421305
1515878
1561420
1425044
1448461
1509703
1477888
1557601
1522005
1452310
1464465
1443512
1560342
1488771
1420892
1418381
1470240
1532183
1455843
1412561
1443732
1440959
1558776
1434950
1495511
1424247
1492690
1552128
1529271
1515429
1493251
1427417
1571165
1451207
1511452
1499295
1493890
1566165
1427886
1512234
1448448
1443915
1560904
1486069
1452542
1501064
1509100
1560250
1438480
1441467
1459611
1510187
1557628
1461706
1414578
1501204
1449656
1561051
1434912
1527409
1493371
1460513
1557530
1501623
1444051
1446992
1461448
1566845
1530559
1512698
1505915
1596871
1592578
1514843
1497468
1514584
1495142
1610635
1554937
1479802
1471097
1528231
1580075
1495616
1513222
1439159
1526297
1570405
1445090
1476783
1434253
1437954
1579496
1475716
1460533
1401841
1509325
1535468
1514035
1543117
1517003
1449217
1584197
1487367
1431527
1529902
1512527
1592070
1493644
1439297
1473964
1490795
1587943
1429800
1469975
1440655
1529594
1568664
1488938
1402375
1544325
1423175
1584415
1435193
1474538
1450325
1511245
1593381
1468464
1445820
1531774
1511633
1578080
1456243
1439071
1444519
1449589
1591501
1498897
1440224
1462912
1517068
1601269
1492854
1507243
1445037
1498082
1556889
1518366
1478327
1428412
1464655
1572475
1512488
1518850
1462001
1512680
1599943
1516151
1512029
1506298
1451826
1589742
1542218
1468011
1452124
1468043
1572593
1555421
1478735
1480374
1488703
1576272
1509307
1493301
1466469
1477399
1597195
1440372
1466014
1421727
1488205
1586928
1483739
1402465
1414694
1411198
1579634
1486106
1468918
1522004
1504429
1579804
1513555
1459373
1508513
1439232
1564742
1549973
1498991
1429900
1483757
1567328
1462398
1528411
1478883
1494113
1583896
1458514
1443060
1504113
1519415
1583771
1451768
1453868
1487635
1508286
1579975
1491813
1488423
1396393
1527076
1576707
1483095
