1881482
1453698
1424335
1428716
1396875
1347701
1358324
1333668
1420672
1430143
1394491
1394905
1347938
1351052
1401435
1307650
1401087
1332169
1307901
1760509
1352628
1394913
1354508
1345622
1322098
1386975
1321883
1393326
1312343
1330071
1316445
1395604
1359407
1339421
1389465
1379971
1313767
1345389
1303461
1348837
1383615
1362884
1324679
1265601
1368920
1317598
1283873
1365463
1275092
1275740
1276471
1271076
1323898
1257765
1332654
1272582
1262449
1343144
1649040
1355633
1373434
1368217
1365641
1260991
1337614
1337925
1287110
1301160
1264162
1358361
1340293
1326688
1267929
1269345
1314267
1348855
1296096
1299483
1272845
1365553
1258755
1279906
1289170
1278240
1344693
1270976
1267927
1307387
1256056
1312842
1284321
1276877
1351949
1260612
1318137
1318550
1683738
1382835
1299973
1302010
1323298
1269808
1304871
1255508
1310121
1307873
1357379
1317460
1270805
1367514
1260664
1285529
1369607
1261624
1370845
1354457
1350253
1321915
1272981
1287444
1279708
1281227
1271945
1280892
1379668
1350633
1265503
1364445
1262256
1354931
1319680
1304402
1319129
1286940
1707004
1293254
1272329
1355620
1305340
1309928
1307780
1353017
1332267
1265734
1317089
1366465
1331791
1330059
1262644
1360321
1293059
1357324
1361226
1271239
1322970
1259074
1268101
1354344
1280480
1358599
1359281
1346890
1314438
1296084
1340082
1293259
1333324
1299779
1293553
1292635
1363010
1339178
1367144
1623846
1390388
1367874
1282968
1355981
1292718
1366378
1295013
1348291
1369767
1285239
1303934
1342758
1363197
1363586
1292521
1345046
1316979
1393179
1325774
1310521
1361451
1319056
1366009
1376578
1322632
1289470
1305450
1288533
1324680
1288516
1304224
1288416
1377586
1376503
1286185
1376275
1358719
1642350
1425430
1348957
1328320
1355911
1378784
1352691
1296567
1346383
1321066
1345998
1373075
1288284
1290786
1320900
1389611
1374428
1297324
1375734
1392354
1364313
1368063
1303505
1411829
1388646
1285985
1361055
1306139
1300548
1309647
1350175
1327268
1290654
1314761
1356264
1381718
1279232
1318152
1630659
1410764
1337937
1382582
1319848
1356412
1401531
1315330
1311299
1319828
1329518
1363160
1369111
1366590
1296292
1403232
1291959
1364498
1320362
1308908
1324404
1347359
1276180
1326205
1298768
1370171
1314947
1322674
1275012
1298807
1373459
1345349
1385706
1312100
1294791
1349907
1343617
1289411
1339661
1661286
1382640
1339315
1358845
1364711
1320201
1368700
1347369
1301676
1372862
1333803
1411997
1375197
1352395
1371665
1339889
1352050
1396637
1354798
1400343
1313451
1386574
1380835
1393349
1336409
1328230
1313772
1291453
1299907
1323914
1292019
1401315
1349806
1379628
1392803
1336902
1342806
1387837
1703158
1341998
1349869
1362508
1390896
1401047
1320447
1335915
1298371
1417153
1293342
1323739
1310321
1355731
1347504
1316117
1352004
1337048
1331923
1299376
1322066
1306347
1308634
1389911
1342610
1331229
1325050
1341901
1406700
1327302
1303064
1391595
1339260
1339440
1378976
1378186
1347975
1321156
1313819
1620485
1367890
1308279
1353124
1324365
1358835
1324514
1315990
1334687
1379798
1348913
1436618
1344327
1366976
1356124
1384138
1403189
1400490
1337819
1393522
1356167
1328693
1384354
1358050
1425724
1340640
1370559
1352621
1360086
1493730
1343154
1411032
1358322
1355798
1325456
1342941
1398250
1426488
1730754
1422932
1422940
1308359
1378503
1373253
1429935
1421042
1404833
1383900
1352320
1440048
1324634
1390548
1329894
1357424
1364952
1431274
1370449
1335215
1361125
1347348
1384218
1351634
1397175
1349316
1368124
1317921
1387718
1421659
1370121
1423751
1333252
1329179
1346649
1369657
1410634
1389089
1370634
1686001
1422704
1428700
1414650
1396526
1416119
1358411
1366733
1392232
1319510
1416377
1368101
1350541
1374032
1388135
1402776
1366134
1362400
1424558
1326248
1382103
1360739
1365317
1327403
1372865
1421717
1367805
1361045
1380943
1362950
1327473
1367559
1406840
1338832
1355435
1397724
1364821
1391498
1431093
1684405
1343429
1386288
1376939
1386363
1345289
1352749
1373567
1389285
1443499
1411362
1349592
1370729
1337721
1317788
1369101
1409268
1361396
1360433
1325982
1304392
1352656
1372315
1349707
1417582
1393838
1397153
1373476
1396882
1347238
1321461
1417980
1379916
1332259
1419532
1327463
1365347
1373025
1719319
1465171
1370389
1329806
1390187
1390881
1413505
1384620
1406905
1379016
1387463
1399393
1348426
1432529
1378641
1340959
1352122
1347179
1346149
1385965
1403951
1385458
1326707
1338565
1370808
1345151
1351203
1417856
1328179
1382941
1432499
1356319
1344808
1348491
1377984
1403557
1352004
1357171
1423173
1751583
1393124
1359687
1421348
1411405
1393362
1422085
1386193
1369526
1410583
1397636
1387317
1370419
1298429
1395817
1380295
1408812
1357159
1410253
1397860
1377530
1421243
1395605
1388744
1419429
1385884
1363566
1309667
1436997
1357459
1372047
1340180
1399736
1397824
1330908
1354497
1373268
1370920
1402495
1742277
1450824
1383640
1441467
1329666
1439018
1379693
1424165
1319900
1390495
1344372
1361962
1383719
1332412
1366535
1362664
1365079
1408830
1355748
1338784
1360080
1372088
1322110
1305375
1354182
1397907
1386100
1439112
1341134
1322477
1337922
1365883
1455892
1362714
1371314
1346023
1399012
1407489
1426322
1664676
1407692
1418302
1392635
1441439
1436796
1431424
1392362
1422461
1424749
1353927
1368342
1392076
1372721
1425383
1354370
1359923
1368717
1425225
1342317
1400797
1376059
1378488
1422622
1407557
1371557
1338663
1387007
1368479
1418597
1413149
1358063
1389638
1410165
1384033
1345795
1354247
1394030
1720687
1475097
1347817
1362092
1423150
1389040
1351367
1337634
1416071
1375230
1349401
1417991
1451272
1398405
1373293
1429570
1356627
1332384
1378630
1373667
1339636
1428439
1412731
1400794
1391678
1354545
1346178
1365628
1375232
1401132
1416470
1951016
1928602
1603208
1440377
1373453
1367390
1394384
1398431
1769450
1420679
1413974
1462185
1398982
1406043
1456226
1424180
1412062
1364483
1395754
1376934
1377771
1356024
1446117
1413167
1385466
1403354
1437663
1364072
1410025
1377472
1363736
1398596
1402495
1409263
1381394
1416622
1449207
1425139
1418970
1469170
1409719
1439663
1383507
1374599
1434591
1384248
1383524
1693997
1622042
1403570
1431322
1351420
1414641
1415748
1421812
1467058
1446842
1348953
1434732
1426140
1354908
1374859
1344487
1407030
1457622
1376027
1451390
1343562
1416141
1411080
1327237
1398691
1438467
1409203
1356132
1389298
1345161
1446942
1395720
1473129
1375829
1410709
1388478
1414250
1369960
1738305
1492913
1424856
1439745
1398594
1362631
1469747
1395905
1416168
1367643
1393322
1356776
1428322
1425941
1417289
1397962
1434591
1409020
1414598
1450092
1362539
1359148
1427465
1397940
1440292
1338010
1355710
1458355
1408696
1392605
1402698
1436438
1342816
1419778
1435115
1441690
1486437
1417096
1856748
1457832
1424137
1354746
1418078
1434589
1374353
1370080
1413809
1366558
1422514
1376177
1412330
1360990
1438280
1414854
1420093
1351621
1464525
1368730
1414786
1384464
1454247
1346233
1419645
1421208
1372702
1388473
1335590
1484443
1421474
1390365
1426716
1351087
1370261
1420033
1447155
1440878
1438124
1415870
1812273
1468141
1392565
1440918
1373912
1428946
1389009
1424573
1406242
1431466
1422383
1361544
1407018
1341899
1347170
1425140
1365896
1398531
1440592
1345226
1436604
1361028
1403667
1367204
1390397
1427611
1388808
1401089
1432113
1354174
1415164
1405144
1364042
1421870
1414633
1419790
1367755
1434411
1743508
1485716
1455752
1448300
1458320
1411298
1445727
1422997
1450014
1386441
1369931
1377513
1425483
1393320
1427004
1368422
1422486
1434100
1354988
1415467
1422228
1433869
1423242
1398453
1392787
1409679
1437245
1427841
1423361
1375591
1396163
1441231
1429670
1406622
1366733
1428924
1368936
1431802
1728012
1403357
1401152
1403350
1440863
1405943
1439483
1443825
1343304
1428515
1427693
1396010
1394665
1348539
1438725
1358499
1385218
1455550
1439881
1425222
1395224
1464532
1418465
1388686
1432491
1398679
1366170
1361483
1376300
9332150
3574133
2071069
2097873
1983358
2091895
1786867
1424526
1373626
1341969
1403031
1361142
1423942
1431892
1417362
1415626
1371171
1365873
1462397
1398143
1442802
1422466
1360506
1355395
1391547
1441974
1468978
1401651
1464660
1360702
1406406
1362544
1367620
1380806
1412370
1442256
1462317
1445331
1446265
1427635
1446634
1417705
1379678
1406134
1417324
1431312
1430071
1458646
1436566
1460756
1435754
1424768
1426686
1411398
1423177
1410165
1332795
1342804
1438215
1365751
1421704
1422098
1407712
1373837
1403215
1399165
1380841
1412237
1373328
1398293
1397249
1424981
1424413
1439686
1356282
1400849
1375732
1398934
1332237
1361814
1395600
1420602
1361816
1382965
1421699
1401824
1396261
1372143
1343488
1379387
1419208
1432431
1389931
1389774
1378854
1451630
1444589
1377678
1390037
1434514
1424984
1361401
1385970
1360476
1414953
1399879
1426946
1335416
1431003
1367885
1405326
1384349
1404770
1399626
1456472
1453655
1372378
1436959
1468452
1349296
1444898
1384501
1447142
1401039
1431835
2275145
1719836
1428400
1435283
1457602
1508984
1413032
1395847
1476906
1440463
1427472
1427239
1356687
1453963
1444396
1453257
1433393
1346377
1378833
1415893
1439710
1356725
1421612
1343745
1380460
1429078
1413961
1408020
1400683
1405419
1419414
1382933
1453572
1461267
1421172
1456134
1363255
1368031
1440071
1397950
1459530
1438725
1426437
1412230
1357073
1450312
1438906
1421564
1358501
1408646
1458306
1384619
1406040
1368071
1390272
1453565
1403856
1432509
1462675
1377641
1457213
1394664
1407239
1438924
1383802
1451054
1462299
1445005
1426548
1336669
1454532
1422571
1486778
1443981
1414302
1457702
1448984
1430161
1449044
1373218
1570200
1446506
1480419
1389475
1412175
1475062
1486185
1438389
1387536
1381945
1465051
1411844
1383096
1414583
1443184
1468519
1397721
1443256
1357542
1415121
1457314
1424768
1441539
1440747
1409987
1455094
1391993
1457521
1397078
1472531
1455963
1424882
1371328
1412237
1422912
1461262
1422438
1466912
1464399
1400867
1456554
1394698
1447634
1445509
1451194
1460405
1410781
1448766
1459313
1447486
1477472
1377753
1465334
1441081
1473194
1462264
1428623
1454209
1427896
1385554
1463472
1473260
1429254
1448430
1382973
1506531
1411037
1431557
1435664
1415137
1465444
1396516
1425348
1411228
1383579
1472571
1409309
1378041
1429342
1433235
1466111
1459328
1409902
1359557
1444030
1472271
1395065
1378788
1385864
1466951
1462711
1388634
1414480
1447498
1449894
1464901
1426187
1477682
1382111
1425237
1463941
1420855
1479069
1390899
1474142
1464088
1431737
1381758
1388638
1473102
1472461
1401265
1451838
1393179
1414498
1468317
1467627
1385706
1471897
1368980
1463805
1486393
1452179
1393081
1436037
1462899
1442352
1463092
1428445
1416419
1474744
1476909
1480780
1427916
1459744
1474693
1434634
1451369
1379217
1355622
1483033
1437204
1388087
1470373
1450492
1480732
1444980
1387901
1383705
1403631
1477993
1393823
1428490
1470850
1397441
1479429
1412548
1458461
1412999
1437055
1475998
1396123
1402181
1384616
1402858
1468675
1403696
1476400
1433065
1386789
1468848
1439453
1468880
1410779
1448796
1475152
1401021
1392284
1421351
1385910
1484300
1404550
1435413
1354099
1425275
1477978
1414009
1445148
1474232
1440976
1491372
1452011
1423441
1437681
1409962
1482902
1410869
1440645
1469477
1396141
1469005
1441763
1456754
1416394
1421496
1514670
1475948
1431774
1472777
1413896
1489149
1474613
1473438
1424067
1371980
1489701
1418632
1476304
1421551
1454379
1506732
1433063
1412897
1437152
1466750
1484987
1458466
1453612
1445291
1441602
1486327
1494674
1486784
1483341
1462467
1487249
1422205
1460255
1428047
1508726
1593714
1435980
1488841
1432944
1458050
1539191
1398586
1449658
1437605
1379415
1506409
1449029
1403473
1446142
1467422
1495270
1487473
1424440
1385481
1426357
1487270
1462257
1480725
1399446
1408429
1506065
1453856
1387528
1480238
1381033
1495193
1434200
1444446
1474911
1481990
1509821
1440969
1475067
1407379
1456274
1500663
1471779
1451390
1438548
1443402
1500773
1414214
1492299
1447811
1379588
1500908
1450129
1438565
1460821
1490542
1501553
1401373
1416833
1423019
1444223
1497876
1392372
1460876
1421040
1469406
1518073
1412450
1403001
1401969
1425794
1499332
1506957
1461338
1402300
1442505
1494772
1460699
1389465
1401007
1404297
1495303
1435702
1394338
1438590
1431347
1497405
1436739
1443486
1412288
1394384
1502277
1474460
1378671
1410191
1455148
1500435
1499733
1410025
1390300
1492830
1502320
1484398
1473809
1384862
1431081
1499651
1507348
1474293
1431629
1386431
1512826
1482925
1443065
1437633
1394020
1500142
1400400
1391665
1419587
1468266
1505238
1458017
1470192
1466304
1457503
1554586
1458779
1441497
1404738
1405710
1509583
1415550
1428983
1474175
1439733
1514096
1455595
1433446
1460611
1450320
1506496
1500698
1455226
1413097
1407158
1500696
1402383
1456020
1386849
1498012
1506246
1400874
1423203
1513257
1461352
1512758
1443086
1398045
1473743
1492973
1509511
1402001
1441076
1428768
1481268
1512147
1475803
1473393
1422539
1408923
1515790
1432083
1481795
1479141
1492744
1511686
1460068
1397551
1488011
1420361
1573089
1496872
1498816
1473332
1500908
1525437
1490206
1480987
1473982
1425713
1518649
1416009
1478878
1515557
1519419
1654633
1557914
1425924
1451385
1517163
1667946
1558606
1501695
1516296
1437733
1552930
1443266
1468732
1437926
1499465
1546713
1508386
1507639
1499077
1488984
1530376
1433478
1411328
1497333
1446025
1528755
1446629
1445664
1412516
1441685
1536352
1461117
1430281
1474700
1413032
1523328
1481599
1480143
1504552
1410478
1526352
1412561
1520581
1486110
1446814
1578364
1416885
1448561
1460841
1501041
1534608
1481795
1401029
1440502
1793597
1525668
1477219
1430462
1424513
1418923
1517449
1471140
1468407
1459784
1378635
1515196
1498869
1394451
1403675
1446313
1509316
1447122
1470121
1466016
1491800
1516570
1466765
1472784
1488008
1458631
1523513
1495085
1412849
1509751
1431662
1515206
1499944
1403951
1446241
1422699
1512931
1411198
1469484
1371432
1451003
1534358
1430623
1418409
1437209
1441134
1518409
1432189
1501858
1485699
1434316
1515304
1472248
1479196
1419576
1447616
1519569
1466622
1417264
1426771
1478122
1517862
1466178
1412560
1482361
1388425
1520027
1501287
1438541
1390753
1457526
1517441
1507614
1437158
1418878
1396671
1521426
1474152
1393134
1387851
1491567
1527986
1418234
1421672
1419068
1422273
1525725
1488575
1387847
1500479
1437595
1530589
1447375
1411019
1466484
1436395
1525579
1422038
1423491
1393569
1414227
1523582
1433922
1429425
1454457
1417264
1522551
1507291
1453928
1404783
1447471
1524038
1478246
1396073
1403079
1465156
1520842
1515700
1425377
1426192
1490828
1535824
1431487
1401097
1503040
1394810
1532767
1460282
1435072
1480960
1415242
1533361
1520678
1434649
1464277
1461807
1527034
1480206
1488084
1433457
1511285
1533786
1431993
1415515
1416798
1453813
1525688
1447546
1431422
1399856
1481336
1528527
1519273
1504015
1504780
1435752
1537119
1503396
1445291
1496158
1482341
1543093
1511172
1485886
1469130
1403475
1549775
1427939
1446150
1509611
1431406
1544020
1453164
1414966
1463575
1439545
1541105
1513936
1480464
1483010
1500550
1554163
1460185
1462548
1504670
1484726
1534180
1428402
1444093
1429432
1456471
1541329
1532882
1411082
1475798
1437473
1551454
1514683
1445451
1465991
1448024
1553717
1450981
1523766
1475505
1394000
1552789
1419990
1523308
1478893
1487077
1558831
1498726
1467329
1459604
1442461
1553960
1482877
1430342
1488342
1408895
1561600
1462393
1465955
1497736
1503542
1547100
1437929
1476297
1402934
1499613
1554543
1535748
1517008
1416209
1461318
1552115
1466186
1469436
1516642
1433639
1564181
1417477
1475319
1425423
1526801
1557118
1518777
1416891
1490762
1508887
1557784
1462214
1441833
1523492
1425886
1563871
1425473
1479479
1443151
1498302
1553331
1438861
1467455
1456073
1426442
1553938
1525984
1519383
1463275
1440392
1558360
1441653
1419416
1449007
1502114
1558776
1491532
1507892
1462377
1413062
1573319
1518125
1516552
1506807
1434792
1568692
1463051
1466920
1449065
1439994
1566313
1454384
1442507
1482905
1454981
1552933
1471599
1490414
1434742
1470970
1545931
1535080
1438335
1448303
1463700
1562272
1528880
1528734
1485092
1436936
1562574
1446246
1473899
1505208
1493631
1563618
1447045
1491958
1495965
1500352
1566690
1534486
1493855
1512951
1490021
1566344
1500981
1519196
1432191
1484889
1579621
1494777
1423574
1501697
1461741
1571144
1522478
1495090
1445015
1484383
1568258
1520378
1529026
1503768
1420709
1567198
1485521
1455134
1493491
1422105
1567501
1528010
1426608
1510315
1462834
1579576
1497045
1527194
1466267
1451636
1573164
1455555
1426796
1438733
1421857
1572057
1478394
1511056
1433950
1514911
1570721
1499508
1481837
1422063
1433561
1568689
1506102
1494955
1490812
1488129
1566546
1484197
1454446
1431101
1518471
1576379
1512249
1495599
1490986
1500385
1572410
1447130
1511537
1453217
1455283
1579839
1535185
1452194
1437972
1501272
1571390
1542077
1431557
1512167
1486771
1568313
1473213
1420755
1512718
1476021
1582776
1528547
1466374
1502966
1466898
1583959
1456569
1451888
1509039
1436312
1583537
1509440
1517998
1447819
1422201
1576269
1478459
1473738
1433331
1496719
1581245
1464803
1529429
1448997
1519617
1596147
1488688
1521794
1461927
1477142
1584540
1489021
1507032
1511558
1482714
1575535
1474448
1435310
1451242
1432509
1589006
1505833
1503159
1433256
1451558
1578664
1511798
1510405
1448478
1432358
1585217
1535851
1502923
1486337
1531980
1590329
1443081
1464091
1497984
1498240
1584989
1439449
1455527
1495033
1510248
1591116
1443389
1449169
1451843
1501685
1582105
1466816
1516634
1428517
1433827
1595355
1492173
1470376
1516709
1451628
1591847
1527574
1446253
1483298
1507832
1592305
1464221
1511314
1421156
9854370
2478920
2165135
2107536
2235785
1713536
1590868
1487581
1423583
1419487
1487262
1570167
1442986
1455131
1526178
1489787
1573442
1535122
1460773
1474653
1455434
1570654
1495170
1430634
1419338
1478965
1573092
1466752
1422592
1439450
1445489
1572678
1432632
1492759
1425954
1482526
1566361
1513698
1507519
1499152
1429846
1563237
1454567
1510035
1506711
1499924
1566965
1442457
1517125
1450370
1452627
1569824
1497919
1465625
1505939
1520496
1577740
1443171
1451327
1475307
1502660
1580548
1461546
1416107
1494303
1459799
1583333
1439866
1518037
1504060
1463089
1568624
1514747
1448067
1451432
1465723
1573438
1518436
1512445
1517057
1509914
1583062
1533837
1539562
1506897
1478316
1562670
1533343
1467090
1455401
1520295
1579095
1506809
1511285
1440818
1522087
1578106
1458464
1485984
1428159
1434664
1578511
1478058
1449275
1439339
1519325
1582042
1515018
1527630
1520340
1424601
1697056
1494206
1427931
1527993
1507288
1601787
1460679
1541880
1582909
1523348
1723574
1544523
1503627
1492153
1566534
1603488
1523902
1460318
1569661
1464780
1601804
1456737
1509330
1471226
1526380
1617451
1459423
1482739
1527397
1510175
1607167
1435628
1428362
1466034
1425009
1592721
1501687
1412603
1470218
1514124
1606168
1505220
1475255
1457496
1489004
1605473
1500176
1497523
1432036
1466559
1586948
1545826
1532609
1452467
1526224
1594733
1517674
1502221
1522724
1478430
1609363
1536400
1488083
1458363
1454297
1615266
1551216
1478362
1477603
1481895
1600727
1528063
1488430
1487718
1482953
1579532
1458774
1461784
1450526
1493474
1599890
1498390
1448611
1424367
1422920
1548352
1485478
1463941
1507133
1501602
1603133
1521811
1475139
1496140
1428808
1613456
1538144
1497929
1446832
1492016
1580746
1460741
1535117
1492537
1520887
1607192
1460002
1443657
1508064
1521737
1598846
1459133
1465540
1519055
1534716
1594804
1498406
1502795
1428267
1539965
1596149
1490307
