1827834
1376686
1465790
1463690
1484343
1418487
1364119
1326926
1375428
1393164
1383780
1376207
1339879
1330176
1404675
1290957
1373093
1331768
1326468
1431647
1659798
1376482
1330768
1312854
1327145
1362160
1292779
1382569
1306244
1324506
1301806
1385880
1345056
1314653
1365170
1368685
1330237
1331765
1307893
1345252
1371749
1383036
1354463
1306043
1405227
1337866
1311481
1383294
1313752
1316608
1297064
1299869
1360359
1307988
1354407
1306410
1290809
1387278
1683627
1384481
1397797
1374203
1396571
1318455
1355174
1345199
1317297
1348584
1307771
1398621
1362478
1366793
1310070
1314536
1367690
1393371
1349910
1337017
1322715
1394269
1308236
1296444
1330074
1297544
1377132
1289285
1297657
1324774
1303232
1311098
1323579
1322556
1379224
1312240
1350050
1358802
1351889
1724827
1363896
1340548
1354187
1312456
1341716
1321043
1328713
1344680
1379865
1364669
1305833
1403625
1288554
1340706
1396429
1318979
1406171
1402280
1360290
1360807
1310266
1304438
1319745
1320304
1291150
1303300
1409390
1391347
1314731
1401262
1323158
1379849
1322041
1327182
1374553
1322409
1407191
1629682
1331833
1391598
1304290
1300088
1315440
1347502
1327867
1279939
1352182
1383507
1362042
1341398
1302879
1374007
1313369
1352451
1381086
1302388
1333322
1291052
1305723
1402092
1319382
1353420
1411909
1357329
1355695
1323787
1350017
1282743
1357312
1342054
1330382
1301300
1399401
1349178
1394415
1644613
1416630
1388768
1315997
1376112
1341263
1382296
1334702
1367718
1398419
1309735
1343289
1347231
1398147
1400516
1345106
1354788
1350827
1415317
1340177
1342131
1391399
1333003
1408414
1391939
1327852
1290327
1340282
1299659
1348542
1330257
1323178
1302197
1420168
1388546
1330164
1396133
1390801
1351090
1738321
1360263
1367953
1360627
1387315
1365222
1333717
1353838
1338756
1370577
1429863
1328746
1316651
1342322
1416655
1399837
1338163
1387679
1413235
1362677
1401129
1332126
1410894
1387985
1306330
1371374
1328613
1301992
1302528
1347775
1331853
1284885
1318047
1343174
1352510
1274286
1305806
1296550
1693706
1330590
1377711
1304796
1370384
1377265
1323486
1292458
1305287
1315824
1350165
1356901
1350484
1279132
1401177
1265556
1362962
1309664
1290684
1321552
1353781
1266208
1318344
1279298
1347083
1300819
1323476
1268643
1282740
1375571
1331770
1375393
1294242
1291595
1339966
1347286
1274755
1323231
1296194
1710208
1342082
1357830
1330106
1326589
1309577
1329139
1272655
1330718
1305240
1383607
1360348
1354124
1389606
1352016
1396341
1396403
1373333
1403753
1350090
1386856
1399819
1401264
1363526
1342230
1342563
1298339
1328613
1350140
1348333
1428535
1377219
1369166
1404232
1340924
1349865
1397854
1412267
1300882
1731469
1369845
1412881
1397330
1345725
1347764
1346216
1423997
1310198
1327816
1356903
1381868
1375782
1311898
1375664
1343838
1347539
1323062
1328693
1304298
1334569
1374992
1346025
1350864
1348145
1341285
1412511
1321836
1309983
1371747
1349466
1338118
1376453
1389031
1365162
1357502
1346199
1335461
1650752
1343295
1369159
1333692
1357292
1338220
1311007
1352851
1355969
1348634
1428440
1354367
1361563
1364553
1379660
1407892
1389465
1348563
1373331
1376646
1287592
1382552
1364686
1423656
1313972
1378039
1325338
1347805
1473997
1335943
1388919
1349816
1356768
1322146
1347561
1399771
1411614
1359369
1730778
1451111
1308861
1352576
1377239
1414480
1423729
1406737
1371121
1355803
1427963
1339107
1380868
1337453
1357336
1361085
1436453
1378407
1324895
1370840
1319715
1388270
1347409
1398446
1346515
1372837
1321101
1393713
1423444
1356101
1428698
1316630
1335150
1330320
1364137
1399982
1383662
1362153
1355911
1728716
1430585
1403858
1391348
1422310
1368908
1341923
1385604
1303411
1408922
1360344
1354948
1350052
1386558
1398286
1369111
1372567
1426075
1312795
1383559
1356647
1350365
1336168
1363606
1403884
1366570
1355991
1383642
1363723
1305583
1361318
1389340
1336516
1350726
1402976
1364325
1389751
1430963
1370662
1645898
1422692
1369542
1380993
1336624
1351711
1368439
1373097
1411658
1398789
1320312
1362238
1330404
1322273
1363357
1404828
1369025
1352796
1311629
1304115
1352282
1373691
1345359
1415297
1395083
1401292
1359002
1372912
1342615
1327463
1416573
1375200
1322620
1422015
1323547
1354943
1371419
1390571
1432832
1702258
1362849
1388065
1388698
1408812
1372842
1407038
1364718
1384626
1400054
1339623
1417434
1381851
1337982
1340691
1340265
1344595
1368933
1384519
1387952
1322229
1328077
1378813
1343725
1349634
1409987
1325674
1384190
1428657
1355447
1336687
1334715
1380618
1418584
1350854
1353648
1404580
1374290
1706046
1372007
1399396
1425873
1397491
1408539
1380660
1367921
1396205
1389229
1387621
1352987
1317250
1343618
1372283
1389042
1349476
1376573
1425653
1376801
1434445
1380262
1388782
1410669
1366297
1338003
1307019
1413005
1376217
1378349
1351097
1391043
1376921
1317502
1377352
1406231
1393658
1402372
1412393
1740560
1391465
1432301
1313641
1430086
1370715
1434458
1323982
1393274
1346592
1380773
1363100
1337626
1358822
1354435
1392798
1447173
1340979
1300130
1341383
1379873
1356968
1296837
1398408
1401185
1380460
1411784
1364691
1326466
1360742
1389573
1442985
1348463
1337544
1333136
1391066
1396554
1393682
1315651
1699526
1448210
1377322
1420413
1426309
1416156
1389901
1402440
1413373
1337729
1364052
1386526
1352024
1409953
1341375
1339445
1386060
1435982
1330808
1395477
1383499
1387611
1440362
1423371
1378553
1357414
1394013
1335892
1414999
1415686
1355212
1393354
1422979
1392062
1340475
1347105
1383762
1381737
1757091
1376996
1349927
1415137
1377015
1333945
1329894
1393938
1400927
1348724
1403280
1426357
1388949
1395131
1442201
1360175
1340370
1387852
1393156
1347594
1387864
1402057
1399087
1396760
1355906
1365999
1340042
1369988
1389445
1396987
1376699
1365543
1433709
1425563
1367610
1339819
1375180
1379889
1406046
1731665
1420331
1445123
1360616
1416956
1429813
1414347
1393474
1337899
1399519
1373291
1374423
1352571
1430068
1396669
1369379
1380096
1431095
1355142
1395948
1369908
1349065
1383654
1386430
1397401
1370113
1419206
1446932
1422100
1406146
1448837
1406274
1409948
1388655
1399310
1429873
1400029
1372103
1343800
1989906
1412684
1419707
1346898
1394379
1419427
1418168
1453006
1424195
1349040
1404727
1419459
1337123
1361682
1332941
1404221
1440018
1364994
1442296
1340335
1411488
1404856
1345036
1388257
1449335
1423997
1348814
1389891
1342420
1425041
1419253
1452874
1350881
1401977
1370827
1414537
1353653
1394068
1773672
1443912
1430507
1374992
1345489
1430547
1359539
1416272
1361722
1384051
1338338
1410068
1429963
1410043
1387621
1410468
1392557
1405129
1459521
1344189
1350227
1424335
1411708
1443168
1343557
1343675
1427933
1417492
1387756
1372146
1435801
1337811
1417375
1428319
1450081
1479723
1394632
1474097
1774228
1460177
1363866
1413646
1442006
1376037
1362609
1419655
1374115
1422609
1361759
1407056
1359303
1434461
1410090
1404154
1340586
1426803
1380026
1417968
1391836
1443699
1342668
1410784
1420093
1358269
1365896
1340746
1439313
1423834
1385874
1430717
1351663
1367598
1425074
1450578
1441548
1435358
1407908
1787150
1491339
1393832
1432660
1375433
1427588
1387217
1425605
1398609
1431755
1425981
1369384
1403908
1337479
1338177
1433000
1352619
1390357
1436217
1349709
1445639
1369028
1393530
1368435
1391505
1420981
1397822
1403586
1430517
1366738
1424162
1402042
1352099
1407717
1406770
1430412
1363836
1419158
1402906
1770813
1487250
1441013
1452014
1404950
1439635
1419877
1448077
1380179
1370257
1369895
1424724
1401292
1430123
1377042
1422479
1430832
1350862
1435528
1432737
1427290
1429667
1397830
1396644
1414760
1438766
1431066
1425267
1374288
1399811
1436345
1434769
1406106
1363438
1420968
1372968
1436951
1390493
1365124
1739842
1458664
1444915
1399934
1436122
1440302
1351280
1434223
1420128
1389628
1393968
1354397
1436099
1353049
1382054
1452730
1430033
1426022
1396461
1454712
1420294
1386714
1430723
1387153
1366803
1346764
1370035
1417504
1471423
12825342
2095171
1977913
2104375
2040995
2104335
1524289
1328693
1390754
1359150
1419510
1396186
1371965
1405622
1360160
1338453
1419274
1351649
1389982
1385361
1318493
1304500
1382893
1403778
1445909
1354207
1426861
1328931
1430502
1350799
1335662
1341959
1386120
1409428
1432426
1428146
1443266
1418146
1413164
1375841
1356424
1372629
1385150
1401456
1434268
1430750
1386059
1420747
1382254
1390956
1368367
1418780
1369041
1425435
1349541
1342816
1407015
1355921
1388843
1426305
1385243
1414050
1397904
1380452
1373739
1410481
1376650
1405768
1406830
1459751
1432298
1456496
1359935
1396391
1361816
1415082
1360522
1387523
1483370
1452670
1389502
1401528
1452935
1432551
1424057
1388971
1350639
1391079
1426282
1405043
1366327
1369003
1348150
1403101
1438390
1367372
1382469
1424453
1434278
1349691
1396319
1384882
1426182
1404392
1438388
1336564
1404149
1329355
1407183
1375420
1391944
1388894
1429517
1395321
1378082
1418675
1461413
1365086
1409229
1387375
1437117
1375135
1422403
1481950
1472135
1347023
1421208
1453520
1450934
1394980
1388814
1455156
1448869
1440953
1412187
1330242
1428019
1402608
1414187
1395303
1359539
1386857
1445301
1439512
1363759
1400330
1336925
1380710
1431932
1425814
1409211
1377515
1396230
1417853
1407038
1408501
1467316
1391771
1401838
1372997
1366407
1435832
1401420
1443870
1431507
1417883
1390826
1338253
1416522
1422491
1380685
1357048
1373020
1416049
1344294
1399107
1338749
1390432
1398617
1361065
1418249
1457516
1378583
1445299
1400363
1413926
1433606
1382104
1438638
1464317
1423215
1401821
1373709
1442354
1441643
1460220
1443670
1409752
1441387
1431274
1411558
1438563
1366558
1484839
1399257
1450324
1377167
1406189
1446045
1479219
1407030
1357038
1373213
1446805
1424340
1366172
1428407
1421977
1449608
1389828
1449746
1348767
1377991
1405931
1423451
1448771
1448854
1390613
1412691
1378834
1451931
1408048
1458885
1417560
1424202
1346301
1399736
1388884
1463698
1410429
1468634
1464696
1388851
1400631
1381267
1442655
1435366
1438718
1447168
1402174
1451470
1465057
1445304
1453672
1357071
1465008
1437471
1476384
1451195
1417968
1460343
1418392
1398762
1444509
1430244
1712378
1446895
1391811
1498378
1371116
1399385
1393520
1378117
1418903
1361835
1404763
1416998
1365435
1457056
1403851
1381402
1403638
1437804
1435143
1476417
1415405
1373700
1433368
1431492
1414009
1373809
1373678
1444118
1447165
1375977
1406514
1448651
1453908
1460042
1429158
1469669
1351320
1411353
1455199
1420549
1473728
1403665
1469577
1460686
1415773
1372018
1401814
1472525
1454321
1369116
1414883
1392588
1417369
1435946
1469218
1386356
1447571
1353129
1454990
1463931
1457399
1389315
1436919
1459278
1434185
1466785
1420136
1417291
1461367
1475944
1471859
1411729
1444782
1438450
1424967
1445042
1372097
1368350
1467336
1418116
1401182
1458897
1444253
1455327
1460799
1381740
1367182
1404101
1456685
1410197
1386596
1443647
1372288
1469955
1393490
1442868
1398732
1449951
1440467
1395933
1379940
1382605
1389455
1442858
1397263
1470102
1417154
1388886
1447426
1461746
1435824
1396917
1410250
1463618
1387265
1384925
1437771
1386997
1470732
1407326
1422083
1375663
1427430
1459859
1378252
1447706
1456121
1424721
1466837
1435974
1404598
1434581
1397052
1445584
1391382
1417908
1453345
1376413
1465006
1424626
1459140
1412468
1394096
1468797
1443430
1406184
1447786
1383584
1477018
1456323
1473743
1435393
1359859
1448987
1397824
1498964
1401794
1454216
1478667
1425673
1393688
1428277
1440881
1448877
1420402
1454095
1437886
1428953
1456998
1481338
1462147
1479013
1445832
1468346
1394346
2057017
2075352
2116952
2229344
1898981
1803470
1447902
1447311
1529301
1383742
1447293
1438074
1366247
1451490
1446313
1370592
1431148
1429589
1470266
1470597
1375062
1361140
1419419
1479707
1453196
1483313
1392943
1402543
1490524
1456617
1383101
1483087
1368152
1474711
1422739
1433573
1480852
1450478
1459699
1414026
1482464
1414899
1440728
1464953
1461182
1407985
1432672
1405407
1485944
1414871
1493155
1414528
1384689
1458987
1435774
1424277
1472177
1477076
1472004
1382196
1401415
1429519
1434695
1460466
1379047
1413919
1419381
1459491
1485391
1400668
1382540
1366424
1404660
1508529
1519866
1460814
1393928
1437676
1509704
1434687
1362987
1401079
1365871
1490141
1425938
1369437
1402994
1401380
1485375
1411413
1394346
1371549
1381281
1478908
1465249
1371973
1398175
1433298
1428369
1484391
1390941
1371491
1470098
1466059
1426413
1462518
1391126
1420875
1479161
1496756
1463197
1435248
1397356
1499004
1481411
1430101
1448148
1403726
1489680
1428257
1392535
1400969
1474926
1476763
1447501
1468166
1714729
1466685
1534358
1451122
1423894
1398027
1403099
1509438
1405005
1405342
1459526
1442048
1493955
1486969
1429134
1461468
1452004
1507177
1503772
1449874
1434157
1385165
1500770
1381131
1454570
1390683
1485297
1498606
1396070
1395644
1502945
1457136
1491439
1441116
1380853
1460889
1486663
1492369
1396955
1419369
1405773
1443467
1478182
1491940
1462573
1427670
1402097
1485064
1435672
1450352
1481702
1480667
1485741
1443133
1343051
1809154
1438826
1552412
1490672
1482473
1450573
1478943
1484523
1492213
1467397
1459240
1407174
1487019
1398035
1479294
1512014
1505988
1584816
1549623
1412488
1427871
1500250
1608035
1533348
1478888
1498117
1416071
1530764
1433439
1460686
1415598
1475672
1511525
1498112
1471015
1491688
1475355
1516828
1433106
1395615
1480226
1435766
1505076
1445050
1445509
1400901
1427289
1515374
1455053
1425861
1458050
1391593
1521792
1485508
1467793
1492785
1391758
1513171
1414971
1508087
1477068
1426480
1533676
1420118
1417167
1444439
1491798
1515547
1478670
1387313
1438340
1785589
1521939
1501748
1403696
1391199
1426859
1507697
1491465
1458546
1458992
1389208
1508287
1508909
1381822
1400714
1432398
1500414
1445408
1456722
1457201
1478414
1512382
1472954
1468469
1493128
1463102
1509990
1496616
1405985
1473475
1435004
1508055
1506577
1402683
1436881
1423100
1508606
1424286
1463410
1367222
1431690
1508493
1434526
1420258
1446468
1433303
1505146
1429412
1483511
1483985
1424285
1508115
1469551
1475548
1401322
1436375
1507378
1471341
1419730
1418301
1466752
1505056
1461473
1403042
1470837
1380384
1515723
1487598
1436019
1383316
1457181
1511146
1509405
1431030
1433767
1391582
1520193
1482653
1377691
1377678
1485117
1515950
1408153
1409867
1404700
1422909
1511861
1486265
1382201
1485070
1424916
1516684
1446386
1404449
1457279
1435511
1508328
1416973
1413611
1375222
1404863
1511046
1426250
1429462
1446812
1414796
1515259
1497072
1444160
1394303
1445120
1519050
1484220
1380417
1394424
1464265
1523881
1513921
1399766
1409474
1476329
1518098
1430139
1406058
1490469
1395765
1527046
1449989
1422591
1471809
1410571
1526998
1490089
1416500
1435984
1436546
1524132
1456679
1467620
1403765
1485802
1526422
1421062
1394913
1400766
1444492
1513986
1424112
1411566
1374055
1467983
1518627
1495218
1489259
1488144
1406186
1530456
1501913
1429349
1477722
1456141
1530023
1491010
1467482
1451405
1381902
1538365
1400944
1428813
1476700
1425357
1525367
1431597
1394941
1434929
1444013
1534447
1494792
1469136
1447313
1475302
1527352
1426417
1438169
1463592
1457394
1524748
1401766
1425981
1396589
1429552
1527033
1501444
1400443
1453737
1424396
1527618
1501705
1435038
1431169
1420752
1529489
1430449
1499463
1454124
1377943
1530361
1407234
1496584
1459578
1463718
1529492
1490093
1482419
1453773
1436693
1542068
1483541
1439026
1487445
1401944
1544857
1449042
1452773
1532834
1519138
1540842
1446697
1472290
1395299
1497515
1538750
1524720
1515176
1404908
1452590
1543128
1465675
1468759
1506213
1425370
1547864
1424979
1470305
1426959
1523613
1554296
1521032
1423802
1475711
1485546
1541294
1456148
1450543
1506193
1412247
1543962
1418993
1473468
1433914
1497413
1551873
1431066
1450265
1445473
1424311
1548989
1518138
1511816
1463392
1434241
1538533
1443940
1401490
1442966
1500593
1539607
1490968
1485979
1452385
1419377
1544661
1526038
1502171
1492644
1423994
1545889
1452791
1471341
1435147
1437015
1550948
1453991
1441023
1479815
1444923
1556326
1464642
1479459
1416387
1469108
1550492
1521591
1416627
1439889
1448561
1545396
1521689
1498581
1474508
1431604
1557308
1439087
1467958
1506203
1490267
1540124
1463419
1487300
1468056
1492887
1552126
1514926
1503346
1500941
1475298
1559535
1478881
1512480
1422717
1472836
1557092
1492337
1417765
1500662
1456070
1557639
1517354
1481945
1436561
1477582
1544251
1515141
1514244
1460137
1417507
1554964
1492296
1432752
1486841
1413616
1553151
1538878
1411546
1509032
1453833
1563053
1503688
1507714
1456802
1443760
1561167
1448773
1421612
1442461
1415723
1564063
1478753
1500067
1419809
1497468
1564780
1488472
1468045
1434471
1424939
1569039
1503738
1485914
1482719
1478397
1549244
1475981
1442700
1569966
1531188
1581506
1525637
1482852
1487031
1470388
1541206
1421316
1493830
1411832
1437919
1527224
1517481
1411340
1408917
1493043
1545200
1527567
1394887
1493844
1452287
1541196
1457253
1399533
1485330
1435616
1532741
1513088
1434378
1474533
1442292
1559307
1428119
1415658
1482907
1403227
1538116
1476071
1503327
1409534
1403380
1540254
1456035
1441129
1408539
1468759
1547448
1430449
1477322
1383436
1465447
1523813
1486367
1502831
1421228
1465549
1582538
1485061
1482251
1489142
1457206
1557481
1453309
1422185
1416214
1418322
1537242
1479361
1468652
1393996
1425074
1540283
1497758
1470932
1423138
1385965
1559553
1506404
1461411
1465525
1510936
1558941
1435375
1440538
1468762
1505868
1573387
1442044
1448455
1477123
1474317
1571952
1428309
1430778
1444792
1491923
1576762
1482571
1528672
1386564
1463247
1550527
1505942
1461285
1520561
1423157
1578218
1507057
1427723
1444594
1504283
1558208
1440994
1514414
1415081
1501545
8724217
1447270
1408028
1507235
1477109
1592982
1500756
1451081
1432001
1511395
1567178
1430973
1456487
1520872
1477207
1561067
1526096
1448736
1463017
1446463
1554238
1506190
1417452
1424227
1474446
1557989
1467183
1416430
1434388
1446411
1556200
1442106
1493296
1413991
1500485
1555810
1512860
1507215
1494280
1430176
1565406
1445627
1520360
1498377
1476959
1560117
1440520
1506541
1453068
1440598
1563163
1505501
1455927
1504815
1518118
1562502
1453113
1450205
1461368
1516136
1560292
1470451
1427358
1491386
1467414
1557573
1436293
1521352
1489176
1468276
1567549
1505564
1446111
1450009
1444461
1561725
1535333
1504517
1520906
1519935
1561184
1532917
1534244
1502925
1470925
1562928
1520287
1461310
1465146
1520696
1564409
1515386
1514419
1438643
1510918
1571628
1446350
1472323
1428638
1427488
1566807
1471193
1463645
1429234
1507248
1562628
1508080
1526519
1505805
1422225
1559816
1450941
1433659
1513392
1526459
1574720
1488570
1413558
1480504
1483020
1562550
1428016
1446764
1456905
1521227
1570931
1479547
1434313
1544559
1421699
1575447
1448177
1493223
1451703
1529679
1566141
1462761
1446162
1520774
1493090
1566341
1428983
1446834
1441607
1455299
1566206
1477802
1438873
1435087
1516617
1579285
1481401
1504778
1435508
1472140
1574735
1492958
1482321
1422388
1441061
1578724
1499826
1517179
1446498
1501870
1566795
1534345
1489797
1497623
1469852
1568862
1535393
1458802
1441305
1474397
1584287
1546307
1487127
1471819
1464089
1577835
1508115
1477347
1461989
1476758
1569559
1445639
1454099
1435884
1493386
1573678
1485325
1416297
1423922
1422704
1577211
1497340
1487490
1513510
1510416
1582243
1509761
1462891
1504509
1431991
1582155
1550194
1497518
1433306
1470960
1579206
1466560
1527766
1490111
1511926
1581493
1458137
1437443
1506587
1527677
1588229
1453219
1466011
1488543
1516943
1585024
1490545
1489121
1417570
1522794
1585630
1480048
